-3.048778323480882381e-06
-5.195334347409938768e-06
-5.670610744001584354e-06
-3.980647677242011392e-06
-4.518207930046184499e-19
5.986303501996891357e-06
1.329942799851662002e-05
2.094161622641037873e-05
2.772120176981566285e-05
3.241284786161812716e-05
3.393300768983305906e-05
3.150788917854150121e-05
2.481127376409543187e-05
1.405244980117228316e-05
6.188913914394922650e-18
-1.606536447294106148e-05
-3.246714913365044233e-05
-4.730812185976774139e-05
-5.868580174336174136e-05
-6.492425136645876599e-05
-6.479482175106755922e-05
-5.769844277493712598e-05
-4.378527585390290012e-05
-2.399379342092814227e-05
3.142025952563464778e-19
2.592236204164567631e-05
5.111930255658243155e-05
7.283083596455593937e-05
8.849346416431156824e-05
9.603773685547026501e-05
9.414674243923425341e-05
8.244427242255910563e-05
6.158799316057204400e-05
3.325263690962045488e-05
7.275018823028624096e-18
-3.495485481301658574e-05
-6.805975560259441620e-05
-9.579241983930095931e-05
-1.150398626865582920e-04
-1.234489315220713536e-04
-1.197083543351635187e-04
-1.037288483940907997e-04
-7.669793770283474699e-05
-4.099916632310707969e-05
2.125430030452042636e-18
4.227270724574304703e-05
8.153787464378250548e-05
1.137043952215855010e-04
1.353073344449252425e-04
1.438886924521330158e-04
1.382801388065057157e-04
1.187548037064218307e-04
8.702875724168815787e-05
4.610881041463903515e-05
8.740657734204861742e-18
-4.669827629679077744e-05
-8.926579290374905351e-05
-1.233546690822769131e-04
-1.454491910386761125e-04
-1.532421481333974154e-04
-1.458860026029515106e-04
-1.240904136719719073e-04
-9.005418023726649286e-05
-4.723774435098825134e-05
2.413031577300511512e-18
4.686170962267423160e-05
8.861858523338154243e-05
1.211090800038849954e-04
1.411747536758318545e-04
1.469855457560624698e-04
1.382189989061866726e-04
1.160742815558364529e-04
8.312040127715906079e-05
4.299665655911324237e-05
1.481332882476721258e-17
-4.139334747240420412e-05
-7.701746778156733152e-05
-1.034620178727255365e-04
-1.184232296189042139e-04
-1.209219812420369948e-04
-1.113660915415911788e-04
-9.145243008270156698e-05
-6.392333083753146063e-05
-3.220889297671864561e-05
4.382475955028779824e-18
2.919531470340820412e-05
5.245813648748515759e-05
6.777875244426515315e-05
7.425290318955837408e-05
7.213235469765792967e-05
6.272642868246991541e-05
4.817002483011917677e-05
3.109061318219305900e-05
1.421952822563405263e-05
1.948709822410926904e-17
-9.755247931068693226e-06
-1.411044843383608703e-05
-1.312345600472426386e-05
-7.815937270260658174e-06
3.053504816395803859e-18
8.016249868839734550e-06
1.380472387239547665e-05
1.522326928486664046e-05
1.079420000518663762e-05
6.721217153169640165e-18
-1.654993294702054808e-05
-3.711183870267770614e-05
-5.896932386398842684e-05
-7.875153281193021529e-05
-9.287309909268340303e-05
-9.804285504491615786e-05
-9.177601053167629011e-05
-7.284018858263155329e-05
-4.157024200790187423e-05
-7.509257787736470260e-18
4.822026967236605108e-05
9.812611623210854830e-05
1.439384006397494066e-04
1.797109226865663647e-04
2.000551365440620625e-04
2.008566426836604297e-04
1.798937065504757670e-04
1.372744929203089271e-04
7.562677326200894601e-05
8.112848356148297974e-18
-8.252789492290291823e-05
-1.635114652135844795e-04
-2.340052473502967593e-04
-2.855484088864138200e-04
-3.111582359685818779e-04
-3.062171333449574301e-04
-2.691440997615577083e-04
-2.017610944426164691e-04
-1.092956128734731388e-04
-8.049219871304415088e-18
1.155887058041928062e-04
2.256821830477733892e-04
3.184646887079850292e-04
3.833783085188088358e-04
4.123280548950474379e-04
4.006685420318102436e-04
3.478531892805645479e-04
2.576604297089839408e-04
1.379558680037373710e-04
1.134303278743435834e-17
-1.426376331292091720e-04
-2.754509786180878248e-04
-3.845144851153577408e-04
-4.579820711769633105e-04
-4.874029624865563364e-04
-4.687052690201361162e-04
-4.027313141377758272e-04
-2.952557081109005548e-04
-1.564729692112602148e-04
-7.113100333556943446e-18
1.585066541840636804e-04
3.029743750565811323e-04
4.186054082958543280e-04
4.934515963597751499e-04
5.196996523953012872e-04
4.945236134111730608e-04
4.204074747239674678e-04
3.048988020292477640e-04
1.598169195652693515e-04
2.219306914178425148e-17
-1.582728983276138126e-04
-2.990120647119996777e-04
-4.082094201775429134e-04
-4.753066269630582853e-04
-4.942779028280641510e-04
-4.642098700846072684e-04
-3.893176551647732088e-04
-2.784002736860649043e-04
-1.438017409377415415e-04
3.104147225329252294e-17
1.380128081506667949e-04
2.563728251785084137e-04
3.438230747787257915e-04
3.928625503735654143e-04
4.004403883616947536e-04
3.681243951212367286e-04
3.017357992812003857e-04
2.105051667271748092e-04
1.058604055891975690e-04
-7.094290141739616542e-18
-9.557200804821324510e-05
-1.713710028943304421e-04
-2.209584694073963023e-04
-2.415513729660599782e-04
-2.341489708589843740e-04
-2.031732540550873663e-04
-1.556808136507515381e-04
-1.002579488149498251e-04
-4.575048475178467987e-05
-2.405267784447311802e-18
3.124368396548679209e-05
4.508772558401357111e-05
4.183611227232167899e-05
2.485777732149319302e-05
-1.873923672968536470e-17
-2.537397055781155783e-05
-4.359169367077902368e-05
-4.795537916951219840e-05
-3.392096933283877551e-05
-1.511367765284633069e-18
5.175563661765376352e-05
1.157737183457079408e-04
1.835086307019684674e-04
2.444664928064977987e-04
2.875926459510783594e-04
3.028511377680605547e-04
2.827913564466178376e-04
2.238877553939636143e-04
1.274568353507954475e-04
6.648556053509896127e-19
-1.471129987209842196e-04
-2.986250234799767600e-04
-4.369569769488101615e-04
-5.441986213121514362e-04
-6.043025847229265739e-04
-6.052207741221529453e-04
-5.407142909905564938e-04
-4.115926435091120036e-04
-2.261940013841711621e-04
3.236555311737747102e-18
2.456226408135288417e-04
4.854568836292751598e-04
6.930517792490133817e-04
8.436464588574998274e-04
9.170772762041903533e-04
9.003294160123120069e-04
7.894193496309705226e-04
5.903575168426845486e-04
3.190356186254708474e-04
-3.757897852370965093e-19
-3.358010862491026330e-04
-6.540874130914714306e-04
-9.208233144200833695e-04
-1.105920483630950428e-03
-1.186658038338523052e-03
-1.150427939866079151e-03
-9.964761821850754483e-04
-7.364119727057154199e-04
-3.933879301847716353e-04
1.059629324936857869e-17
4.048998813473857119e-04
7.801588347617588286e-04
1.086632430902170201e-03
1.291385360660872623e-03
1.371321428710691077e-03
1.315833841539866414e-03
1.128166612573526300e-03
8.253143344004878297e-04
4.364458494475894029e-04
1.726725817395592701e-17
-4.402496330862673080e-04
-8.397462919064313655e-04
-1.157830065125756668e-03
-1.362038943933179978e-03
-1.431560308607377841e-03
-1.359451984820146458e-03
-1.153385083509146473e-03
-8.348226214997513323e-04
-4.367203637420641717e-04
2.201817678138039748e-17
4.308189232140228835e-04
8.123485530088191391e-04
1.106904411373145318e-03
1.286418706077294615e-03
1.335270058934503058e-03
1.251727666459547276e-03
1.047865018908715126e-03
7.479712907526748101e-04
3.856574937732333715e-04
3.177834816585851791e-17
-3.688306520212961711e-04
-6.839547296269135384e-04
-9.156863417121851060e-04
-1.044521431492089533e-03
-1.062890013219699786e-03
-9.755006541236540272e-04
-7.982724984496629905e-04
-5.560160886249705323e-04
-2.791691309336076076e-04
4.559288140604170120e-17
2.512523884120656799e-04
4.498351144588412140e-04
5.791251345003176716e-04
6.321589588064128063e-04
6.118900721333163806e-04
5.301777039615461224e-04
4.056703358298067367e-04
2.608853768079202949e-04
1.188855234212529390e-04
5.034356683371741176e-17
-8.097095056842448942e-05
-1.166962315275361792e-04
-1.081411962466754926e-04
-6.417315600974357289e-05
1.249031436558618636e-17
6.534495118614191197e-05
1.121266193466223722e-04
1.232065704701764135e-04
8.704956245306459141e-05
6.311873735496922533e-17
-1.325227993429772962e-04
-2.961255491139681102e-04
-4.688844933969501735e-04
-6.239974246127658964e-04
-7.333410344277666113e-04
-7.714946637054417985e-04
-7.197077560902689387e-04
-5.692691330721040771e-04
-3.237864374857003422e-04
7.730328158833861599e-17
3.730751423078918719e-04
7.566815473088283998e-04
1.106314554563809539e-03
1.376771268111393054e-03
1.527688166664469254e-03
1.528908809541214275e-03
1.365006684915968547e-03
1.038354101925451599e-03
5.702716506766518974e-04
9.114024983748579583e-17
-6.185157261934635812e-04
-1.221777287982428548e-03
-1.743325084207298682e-03
-2.121079185385699954e-03
-2.304615718797630667e-03
-2.261532469387490373e-03
-1.982123346029560172e-03
-1.481741237683564414e-03
-8.004676078288813215e-04
1.198070073856953759e-16
8.420166781899548342e-04
1.639688423745715639e-03
2.307821699954307453e-03
2.771174379868046253e-03
2.972988869637022309e-03
2.881832542462796007e-03
2.495927051274632758e-03
1.844402152811813094e-03
9.852352585488705679e-04
3.658680977789248492e-17
-1.014094477845565523e-03
-1.954077745697388631e-03
-2.721977129828302179e-03
-3.235309271126327133e-03
-3.436154216014809630e-03
-3.297792781672120605e-03
-2.828135091225563412e-03
-2.069506283435850347e-03
-1.094748181522992589e-03
6.392840554177656891e-17
1.105108247194321481e-03
2.108821261495210774e-03
2.908969917546356566e-03
3.423763466004817006e-03
3.600485046998961203e-03
3.421132662597381816e-03
2.904375954010950805e-03
2.103600152374603995e-03
1.101237983279115167e-03
6.859431415789610726e-17
-1.088042509212365202e-03
-2.053329437925999722e-03
-2.800340269200984975e-03
-3.257520205932994475e-03
-3.384526178499124450e-03
-3.176017040345481459e-03
-2.661601540414966667e-03
-1.901989804976332099e-03
-9.818197184310458684e-04
8.793840903296145654e-17
9.413155823409445318e-04
1.747864825871917526e-03
2.343268320016368787e-03
2.676765759272038692e-03
2.727861908244090441e-03
2.507415875166047522e-03
2.055127836604691248e-03
1.433799539384358066e-03
7.211188434315571024e-04
-2.570209671448320734e-17
-6.513330025694825292e-04
-1.168321132507883948e-03
-1.507037683895618005e-03
-1.648345099586520299e-03
-1.598796687623964697e-03
-1.388249915550026237e-03
-1.064571247465877701e-03
-6.861767364155068466e-04
-3.134224282406741996e-04
-1.057403025225727039e-17
2.145125274352735251e-04
3.099481136849461626e-04
2.879815571835782264e-04
1.713568716038943419e-04
-5.320443050105751111e-18
-1.754737239527810700e-04
-3.019865324223093843e-04
-3.328340562113981174e-04
-2.358916559578693839e-04
6.783411528264638389e-18
3.614558991383165910e-04
8.104178219435095821e-04
1.287679951972295171e-03
1.719789728749428421e-03
2.028577259214715389e-03
2.142175538314549689e-03
2.006131944911633287e-03
1.593117659779792663e-03
9.098350131940901404e-04
1.501328504059900043e-17
-1.057287951515862049e-03
-2.153931238337126932e-03
-3.163522716180575123e-03
-3.955314946628887829e-03
-4.409970493361350073e-03
-4.435274395383602061e-03
-3.979875076518515388e-03
-3.043233904177503925e-03
-1.680304356780313278e-03
5.641999783727597694e-17
1.842808009210129654e-03
3.661272121143757056e-03
5.255301317655711180e-03
6.433186856196095385e-03
7.033812589544837825e-03
6.946936444835983930e-03
6.129104556207870362e-03
4.613119565570649935e-03
2.509602019180492798e-03
8.051597502517712172e-17
-2.678666829532369131e-03
-5.256097484344186659e-03
-7.455950375573512645e-03
-9.025291298129801618e-03
-9.763122253653895577e-03
-9.544812692344596325e-03
-8.339554101840836869e-03
-6.218590970590910996e-03
-3.352889453510771427e-03
-2.435967097938185855e-17
3.518961975139823627e-03
6.850178662103760877e-03
9.642860293170543023e-03
1.158621899067127300e-02
1.244378182018404146e-02
1.208127237290824128e-02
1.048483708190558854e-02
7.767307506626079834e-03
4.161386085632499780e-03
6.172653641900376546e-18
-4.314555812414847501e-03
-8.349817824811723091e-03
-1.168684621048402504e-02
-1.396396157992807301e-02
-1.491593426928340509e-02
-1.440437589137327605e-02
-1.243588626593540580e-02
-9.165700718410156600e-03
-4.886046127026396138e-03
7.718924033876445006e-17
5.016810481957659565e-03
9.662998178777757255e-03
1.346204375111478314e-02
1.601159825337846593e-02
1.702631644077385459e-02
1.636963681201887913e-02
1.407097770092638651e-02
1.032626394950335140e-02
5.481391098587186546e-03
-2.069696026853201578e-17
-5.581410220610053853e-03
-1.070663478554124103e-02
-1.485585270513848852e-02
-1.759893193927814653e-02
-1.864042676241652041e-02
-1.785151939120449560e-02
-1.528543855543199395e-02
-1.117454627769427083e-02
-5.909152217389532571e-03
1.211738044841987464e-16
5.971924555685796839e-03
1.141326735162016132e-02
1.577802355101535353e-02
1.862301387205836378e-02
1.965341571715623070e-02
1.875361922173199997e-02
1.600014878129656440e-02
1.165520837585718242e-02
6.141387570773036361e-03
6.936857763467150208e-17
-6.162783591721639372e-03
-1.173657656079183341e-02
-1.616804605683158647e-02
-1.901658142770898396e-02
9.799357503309679140e-01
-1.901658142770898396e-02
-1.616804605683158647e-02
-1.173657656079183341e-02
-6.162783591721639372e-03
6.936857763467150208e-17
6.141387570773036361e-03
1.165520837585718242e-02
1.600014878129656440e-02
1.875361922173199997e-02
1.965341571715623070e-02
1.862301387205836378e-02
1.577802355101535353e-02
1.141326735162016132e-02
5.971924555685796839e-03
1.211738044841987464e-16
-5.909152217389532571e-03
-1.117454627769427083e-02
-1.528543855543199395e-02
-1.785151939120449560e-02
-1.864042676241652041e-02
-1.759893193927814653e-02
-1.485585270513848852e-02
-1.070663478554124103e-02
-5.581410220610053853e-03
-2.069696026853201578e-17
5.481391098587187413e-03
1.032626394950335140e-02
1.407097770092638651e-02
1.636963681201887913e-02
1.702631644077385459e-02
1.601159825337846593e-02
1.346204375111478314e-02
9.662998178777758990e-03
5.016810481957659565e-03
7.718924033876445006e-17
-4.886046127026396138e-03
-9.165700718410158335e-03
-1.243588626593540754e-02
-1.440437589137327605e-02
-1.491593426928340509e-02
-1.396396157992807301e-02
-1.168684621048402504e-02
-8.349817824811723091e-03
-4.314555812414847501e-03
6.172653641900376546e-18
4.161386085632500648e-03
7.767307506626080701e-03
1.048483708190558854e-02
1.208127237290824128e-02
1.244378182018404146e-02
1.158621899067127647e-02
9.642860293170544758e-03
6.850178662103760877e-03
3.518961975139823627e-03
-2.435967097938185855e-17
-3.352889453510771427e-03
-6.218590970590911864e-03
-8.339554101840836869e-03
-9.544812692344596325e-03
-9.763122253653895577e-03
-9.025291298129801618e-03
-7.455950375573512645e-03
-5.256097484344186659e-03
-2.678666829532369131e-03
8.051597502517712172e-17
2.509602019180492798e-03
4.613119565570649935e-03
6.129104556207870362e-03
6.946936444835983930e-03
7.033812589544837825e-03
6.433186856196096252e-03
5.255301317655712047e-03
3.661272121143757056e-03
1.842808009210130087e-03
5.641999783727598927e-17
-1.680304356780313495e-03
-3.043233904177503925e-03
-3.979875076518515388e-03
-4.435274395383602929e-03
-4.409970493361350073e-03
-3.955314946628887829e-03
-3.163522716180575556e-03
-2.153931238337127366e-03
-1.057287951515862049e-03
1.501328504059900043e-17
9.098350131940901404e-04
1.593117659779792663e-03
2.006131944911633287e-03
2.142175538314549689e-03
2.028577259214715822e-03
1.719789728749428854e-03
1.287679951972295171e-03
8.104178219435096905e-04
3.614558991383166452e-04
6.783411528264638389e-18
-2.358916559578694110e-04
-3.328340562113981716e-04
-3.019865324223093843e-04
-1.754737239527810971e-04
-5.320443050105751881e-18
1.713568716038943419e-04
2.879815571835782264e-04
3.099481136849462169e-04
2.145125274352735522e-04
-1.057403025225727194e-17
-3.134224282406741996e-04
-6.861767364155069550e-04
-1.064571247465877918e-03
-1.388249915550026237e-03
-1.598796687623964697e-03
-1.648345099586520516e-03
-1.507037683895618005e-03
-1.168321132507883948e-03
-6.513330025694826376e-04
-2.570209671448320734e-17
7.211188434315571024e-04
1.433799539384358283e-03
2.055127836604691248e-03
2.507415875166048389e-03
2.727861908244090441e-03
2.676765759272039559e-03
2.343268320016369220e-03
1.747864825871917526e-03
9.413155823409446402e-04
8.793840903296148119e-17
-9.818197184310458684e-04
-1.901989804976332533e-03
-2.661601540414967534e-03
-3.176017040345481459e-03
-3.384526178499124884e-03
-3.257520205932995343e-03
-2.800340269200985409e-03
-2.053329437926000155e-03
-1.088042509212365202e-03
6.859431415789611959e-17
1.101237983279115601e-03
2.103600152374604428e-03
2.904375954010951673e-03
3.421132662597382683e-03
3.600485046998961203e-03
3.423763466004817006e-03
2.908969917546357867e-03
2.108821261495211208e-03
1.105108247194321915e-03
6.392840554177659356e-17
-1.094748181522992589e-03
-2.069506283435850347e-03
-2.828135091225563846e-03
-3.297792781672121039e-03
-3.436154216014810064e-03
-3.235309271126327133e-03
-2.721977129828302179e-03
-1.954077745697389065e-03
-1.014094477845565740e-03
3.658680977789249108e-17
9.852352585488710016e-04
1.844402152811813094e-03
2.495927051274632758e-03
2.881832542462797308e-03
2.972988869637022743e-03
2.771174379868047120e-03
2.307821699954307453e-03
1.639688423745715639e-03
8.420166781899548342e-04
1.198070073856954005e-16
-8.004676078288814299e-04
-1.481741237683564631e-03
-1.982123346029560172e-03
-2.261532469387490373e-03
-2.304615718797631968e-03
-2.121079185385700387e-03
-1.743325084207298899e-03
-1.221777287982428982e-03
-6.185157261934635812e-04
9.114024983748579583e-17
5.702716506766521143e-04
1.038354101925451816e-03
1.365006684915968764e-03
1.528908809541214275e-03
1.527688166664469254e-03
1.376771268111393704e-03
1.106314554563809756e-03
7.566815473088286167e-04
3.730751423078919262e-04
7.730328158833861599e-17
-3.237864374857003422e-04
-5.692691330721042940e-04
-7.197077560902691556e-04
-7.714946637054420154e-04
-7.333410344277667197e-04
-6.239974246127658964e-04
-4.688844933969501193e-04
-2.961255491139682186e-04
-1.325227993429773504e-04
6.311873735496922533e-17
8.704956245306460496e-05
1.232065704701764135e-04
1.121266193466223993e-04
6.534495118614193907e-05
1.249031436558619099e-17
-6.417315600974358644e-05
-1.081411962466754926e-04
-1.166962315275361792e-04
-8.097095056842453008e-05
5.034356683371743025e-17
1.188855234212529390e-04
2.608853768079203491e-04
4.056703358298067367e-04
5.301777039615463392e-04
6.118900721333165975e-04
6.321589588064130232e-04
5.791251345003176716e-04
4.498351144588412140e-04
2.512523884120656799e-04
4.559288140604171969e-17
-2.791691309336077160e-04
-5.560160886249707491e-04
-7.982724984496630989e-04
-9.755006541236540272e-04
-1.062890013219699786e-03
-1.044521431492089966e-03
-9.156863417121854313e-04
-6.839547296269137553e-04
-3.688306520212962254e-04
3.177834816585851791e-17
3.856574937732335884e-04
7.479712907526749185e-04
1.047865018908715560e-03
1.251727666459547493e-03
1.335270058934503058e-03
1.286418706077294615e-03
1.106904411373145752e-03
8.123485530088194644e-04
4.308189232140228835e-04
2.201817678138040364e-17
-4.367203637420641717e-04
-8.348226214997516575e-04
-1.153385083509147124e-03
-1.359451984820146892e-03
-1.431560308607378275e-03
-1.362038943933179978e-03
-1.157830065125756668e-03
-8.397462919064319076e-04
-4.402496330862674706e-04
1.726725817395593318e-17
4.364458494475895113e-04
8.253143344004878297e-04
1.128166612573526083e-03
1.315833841539866848e-03
1.371321428710691511e-03
1.291385360660872840e-03
1.086632430902170418e-03
7.801588347617588286e-04
4.048998813473859287e-04
1.059629324936858331e-17
-3.933879301847717979e-04
-7.364119727057155283e-04
-9.964761821850754483e-04
-1.150427939866079151e-03
-1.186658038338523919e-03
-1.105920483630950862e-03
-9.208233144200835864e-04
-6.540874130914716474e-04
-3.358010862491026330e-04
-3.757897852370967019e-19
3.190356186254710642e-04
5.903575168426847654e-04
7.894193496309706310e-04
9.003294160123120069e-04
9.170772762041903533e-04
8.436464588575003695e-04
6.930517792490137070e-04
4.854568836292753767e-04
2.456226408135288959e-04
3.236555311737747102e-18
-2.261940013841713247e-04
-4.115926435091123289e-04
-5.407142909905568191e-04
-6.052207741221530537e-04
-6.043025847229266823e-04
-5.441986213121514362e-04
-4.369569769488104868e-04
-2.986250234799768684e-04
-1.471129987209843009e-04
6.648556053509898053e-19
1.274568353507954475e-04
2.238877553939636143e-04
2.827913564466180002e-04
3.028511377680607173e-04
2.875926459510784136e-04
2.444664928064977987e-04
1.835086307019684674e-04
1.157737183457080221e-04
5.175563661765379740e-05
-1.511367765284633840e-18
-3.392096933283878229e-05
-4.795537916951219840e-05
-4.359169367077902368e-05
-2.537397055781158154e-05
-1.873923672968537086e-17
2.485777732149320658e-05
4.183611227232169255e-05
4.508772558401357111e-05
3.124368396548680564e-05
-2.405267784447313343e-18
-4.575048475178470020e-05
-1.002579488149498522e-04
-1.556808136507515652e-04
-2.031732540550873663e-04
-2.341489708589845366e-04
-2.415513729660601137e-04
-2.209584694073963836e-04
-1.713710028943304963e-04
-9.557200804821324510e-05
-7.094290141739616542e-18
1.058604055891976367e-04
2.105051667271749447e-04
3.017357992812003857e-04
3.681243951212367286e-04
4.004403883616947536e-04
3.928625503735659022e-04
3.438230747787261168e-04
2.563728251785085221e-04
1.380128081506667949e-04
3.104147225329252294e-17
-1.438017409377415415e-04
-2.784002736860651753e-04
-3.893176551647734799e-04
-4.642098700846075936e-04
-4.942779028280641510e-04
-4.753066269630582853e-04
-4.082094201775434013e-04
-2.990120647120000572e-04
-1.582728983276138939e-04
2.219306914178425148e-17
1.598169195652693515e-04
3.048988020292477640e-04
4.204074747239680099e-04
4.945236134111734945e-04
5.196996523953017208e-04
4.934515963597751499e-04
4.186054082958543280e-04
3.029743750565811323e-04
1.585066541840638701e-04
-7.113100333556948068e-18
-1.564729692112603232e-04
-2.952557081109005548e-04
-4.027313141377758272e-04
-4.687052690201366583e-04
-4.874029624865564990e-04
-4.579820711769636357e-04
-3.845144851153577408e-04
-2.754509786180878248e-04
-1.426376331292091720e-04
1.134303278743437066e-17
1.379558680037374523e-04
2.576604297089841577e-04
3.478531892805645479e-04
4.006685420318102436e-04
4.123280548950478716e-04
3.833783085188091069e-04
3.184646887079852461e-04
2.256821830477733892e-04
1.155887058041928062e-04
-8.049219871304415088e-18
-1.092956128734732607e-04
-2.017610944426165775e-04
-2.691440997615578709e-04
-3.062171333449574301e-04
-3.111582359685818779e-04
-2.855484088864138200e-04
-2.340052473502971116e-04
-1.635114652135845879e-04
-8.252789492290295889e-05
8.112848356148297974e-18
7.562677326200894601e-05
1.372744929203091168e-04
1.798937065504759025e-04
2.008566426836605381e-04
2.000551365440620625e-04
1.797109226865663647e-04
1.439384006397494066e-04
9.812611623210871093e-05
4.822026967236607819e-05
-7.509257787736474883e-18
-4.157024200790187423e-05
-7.284018858263155329e-05
-9.177601053167642564e-05
-9.804285504491625273e-05
-9.287309909268348434e-05
-7.875153281193021529e-05
-5.896932386398842684e-05
-3.711183870267770614e-05
-1.654993294702056163e-05
6.721217153169647098e-18
1.079420000518664439e-05
1.522326928486664046e-05
1.380472387239547665e-05
8.016249868839734550e-06
3.053504816395807711e-18
-7.815937270260659868e-06
-1.312345600472427233e-05
-1.411044843383608703e-05
-9.755247931068693226e-06
1.948709822410929677e-17
1.421952822563405771e-05
3.109061318219307932e-05
4.817002483011917677e-05
6.272642868246991541e-05
7.213235469765792967e-05
7.425290318955848250e-05
6.777875244426518025e-05
5.245813648748517792e-05
2.919531470340820412e-05
4.382475955028779824e-18
-3.220889297671869305e-05
-6.392333083753147418e-05
-9.145243008270163474e-05
-1.113660915415911788e-04
-1.209219812420369948e-04
-1.184232296189042139e-04
-1.034620178727256584e-04
-7.701746778156737217e-05
-4.139334747240423800e-05
1.481332882476721258e-17
4.299665655911324237e-05
8.312040127715906079e-05
1.160742815558365613e-04
1.382189989061867268e-04
1.469855457560625511e-04
1.411747536758318545e-04
1.211090800038849954e-04
8.861858523338166441e-05
4.686170962267427904e-05
2.413031577300513823e-18
-4.723774435098825134e-05
-9.005418023726649286e-05
-1.240904136719719073e-04
-1.458860026029517275e-04
-1.532421481333975780e-04
-1.454491910386762751e-04
-1.233546690822769131e-04
-8.926579290374905351e-05
-4.669827629679085197e-05
8.740657734204866364e-18
4.610881041463905548e-05
8.702875724168819853e-05
1.187548037064218307e-04
1.382801388065057157e-04
1.438886924521332327e-04
1.353073344449252967e-04
1.137043952215856230e-04
8.153787464378250548e-05
4.227270724574304703e-05
2.125430030452042636e-18
-4.099916632310710680e-05
-7.669793770283478765e-05
-1.037288483940907997e-04
-1.197083543351635187e-04
-1.234489315220713536e-04
-1.150398626865584275e-04
-9.579241983930102708e-05
-6.805975560259445686e-05
-3.495485481301658574e-05
7.275018823028624096e-18
3.325263690962045488e-05
6.158799316057204400e-05
8.244427242255915984e-05
9.414674243923432117e-05
9.603773685547026501e-05
8.849346416431156824e-05
7.283083596455599358e-05
5.111930255658243155e-05
2.592236204164567631e-05
3.142025952563464778e-19
-2.399379342092814227e-05
-4.378527585390290012e-05
-5.769844277493716664e-05
-6.479482175106759988e-05
-6.492425136645876599e-05
-5.868580174336174136e-05
-4.730812185976774139e-05
-3.246714913365044233e-05
-1.606536447294106148e-05
6.188913914394922650e-18
1.405244980117228316e-05
2.481127376409543187e-05
3.150788917854150121e-05
3.393300768983305906e-05
3.241284786161814749e-05
2.772120176981566285e-05
2.094161622641037873e-05
1.329942799851662002e-05
5.986303501996891357e-06
-4.518207930046184499e-19
-3.980647677242011392e-06
-5.670610744001584354e-06
-5.195334347409938768e-06
-3.048778323480882381e-06
