 0.00000000e+00
 0.00000000e+00
 0.00000000e+00
 0.00000000e+00
 0.00000000e+00
 0.00000000e+00
 0.00000000e+00
 0.00000000e+00
 0.00000000e+00
 0.00000000e+00
 0.00000000e+00
 0.00000000e+00
 0.00000000e+00
 0.00000000e+00
 0.00000000e+00
 0.00000000e+00
 0.00000000e+00
 0.00000000e+00
 0.00000000e+00
 0.00000000e+00
 0.00000000e+00
 0.00000000e+00
 0.00000000e+00
 0.00000000e+00
 0.00000000e+00
 0.00000000e+00
 0.00000000e+00
 0.00000000e+00
 0.00000000e+00
 0.00000000e+00
 0.00000000e+00
 0.00000000e+00
 0.00000000e+00
 0.00000000e+00
 0.00000000e+00
 0.00000000e+00
 0.00000000e+00
 0.00000000e+00
 0.00000000e+00
 0.00000000e+00
 0.00000000e+00
 0.00000000e+00
 0.00000000e+00
 0.00000000e+00
 0.00000000e+00
 0.00000000e+00
 0.00000000e+00
 0.00000000e+00
 0.00000000e+00
 0.00000000e+00
 0.00000000e+00
 0.00000000e+00
 0.00000000e+00
 0.00000000e+00
 -1.00000000e+00
 -1.00000000e+00
 0.00000000e+00
 0.00000000e+00
 0.00000000e+00
 0.00000000e+00
 0.00000000e+00
 0.00000000e+00
 0.00000000e+00
 0.00000000e+00
 0.00000000e+00
 1.00000000e+00
 1.00000000e+00
 0.00000000e+00
 0.00000000e+00
 0.00000000e+00
 0.00000000e+00
 0.00000000e+00
 0.00000000e+00
 0.00000000e+00
 0.00000000e+00
 0.00000000e+00
 0.00000000e+00
 0.00000000e+00
 0.00000000e+00
 0.00000000e+00
 0.00000000e+00
 0.00000000e+00
 0.00000000e+00
 0.00000000e+00
 0.00000000e+00
 0.00000000e+00
 0.00000000e+00
 0.00000000e+00
 0.00000000e+00
 0.00000000e+00
 0.00000000e+00
 0.00000000e+00
 0.00000000e+00
 0.00000000e+00
 0.00000000e+00
 0.00000000e+00
 0.00000000e+00
 0.00000000e+00
 0.00000000e+00
 0.00000000e+00
 0.00000000e+00
 0.00000000e+00
 0.00000000e+00
 0.00000000e+00
 0.00000000e+00
 0.00000000e+00
 0.00000000e+00
 0.00000000e+00
 0.00000000e+00
 0.00000000e+00
 0.00000000e+00
 0.00000000e+00
 0.00000000e+00
 1.00000000e+00
 1.00000000e+00
 1.00000000e+00
 1.00000000e+00
 1.00000000e+00
 0.00000000e+00
 0.00000000e+00
 0.00000000e+00
 0.00000000e+00
 -1.00000000e+00
 -1.00000000e+00
 -1.00000000e+00
 -1.00000000e+00
 -1.00000000e+00
 -1.00000000e+00
 -1.00000000e+00
 0.00000000e+00
 0.00000000e+00
 0.00000000e+00
 1.00000000e+00
 1.00000000e+00
 1.00000000e+00
 1.00000000e+00
 1.00000000e+00
 1.00000000e+00
 1.00000000e+00
 1.00000000e+00
 0.00000000e+00
 0.00000000e+00
 -1.00000000e+00
 -1.00000000e+00
 -1.00000000e+00
 -2.00000000e+00
 -2.00000000e+00
 -2.00000000e+00
 -1.00000000e+00
 -1.00000000e+00
 -1.00000000e+00
 0.00000000e+00
 0.00000000e+00
 1.00000000e+00
 1.00000000e+00
 2.00000000e+00
 2.00000000e+00
 2.00000000e+00
 2.00000000e+00
 1.00000000e+00
 1.00000000e+00
 0.00000000e+00
 0.00000000e+00
 -1.00000000e+00
 -1.00000000e+00
 -2.00000000e+00
 -2.00000000e+00
 -2.00000000e+00
 -2.00000000e+00
 -1.00000000e+00
 -1.00000000e+00
 0.00000000e+00
 0.00000000e+00
 1.00000000e+00
 1.00000000e+00
 1.00000000e+00
 2.00000000e+00
 2.00000000e+00
 1.00000000e+00
 1.00000000e+00
 1.00000000e+00
 1.00000000e+00
 0.00000000e+00
 0.00000000e+00
 -1.00000000e+00
 -1.00000000e+00
 -1.00000000e+00
 -1.00000000e+00
 -1.00000000e+00
 -1.00000000e+00
 -1.00000000e+00
 -1.00000000e+00
 0.00000000e+00
 0.00000000e+00
 0.00000000e+00
 0.00000000e+00
 0.00000000e+00
 0.00000000e+00
 0.00000000e+00
 0.00000000e+00
 0.00000000e+00
 0.00000000e+00
 0.00000000e+00
 1.00000000e+00
 1.00000000e+00
 1.00000000e+00
 1.00000000e+00
 1.00000000e+00
 1.00000000e+00
 1.00000000e+00
 0.00000000e+00
 0.00000000e+00
 0.00000000e+00
 -1.00000000e+00
 -1.00000000e+00
 -2.00000000e+00
 -2.00000000e+00
 -2.00000000e+00
 -2.00000000e+00
 -2.00000000e+00
 -1.00000000e+00
 0.00000000e+00
 0.00000000e+00
 1.00000000e+00
 2.00000000e+00
 3.00000000e+00
 3.00000000e+00
 3.00000000e+00
 3.00000000e+00
 3.00000000e+00
 2.00000000e+00
 1.00000000e+00
 0.00000000e+00
 -1.00000000e+00
 -2.00000000e+00
 -3.00000000e+00
 -4.00000000e+00
 -4.00000000e+00
 -4.00000000e+00
 -4.00000000e+00
 -3.00000000e+00
 -2.00000000e+00
 0.00000000e+00
 1.00000000e+00
 3.00000000e+00
 4.00000000e+00
 5.00000000e+00
 5.00000000e+00
 5.00000000e+00
 5.00000000e+00
 4.00000000e+00
 2.00000000e+00
 1.00000000e+00
 -1.00000000e+00
 -2.00000000e+00
 -4.00000000e+00
 -5.00000000e+00
 -5.00000000e+00
 -5.00000000e+00
 -5.00000000e+00
 -4.00000000e+00
 -3.00000000e+00
 -1.00000000e+00
 1.00000000e+00
 2.00000000e+00
 4.00000000e+00
 5.00000000e+00
 5.00000000e+00
 5.00000000e+00
 5.00000000e+00
 4.00000000e+00
 3.00000000e+00
 1.00000000e+00
 0.00000000e+00
 -2.00000000e+00
 -3.00000000e+00
 -4.00000000e+00
 -4.00000000e+00
 -4.00000000e+00
 -4.00000000e+00
 -3.00000000e+00
 -2.00000000e+00
 -1.00000000e+00
 0.00000000e+00
 1.00000000e+00
 2.00000000e+00
 2.00000000e+00
 3.00000000e+00
 3.00000000e+00
 3.00000000e+00
 2.00000000e+00
 2.00000000e+00
 1.00000000e+00
 0.00000000e+00
 0.00000000e+00
 0.00000000e+00
 -1.00000000e+00
 -1.00000000e+00
 0.00000000e+00
 0.00000000e+00
 0.00000000e+00
 0.00000000e+00
 0.00000000e+00
 0.00000000e+00
 -1.00000000e+00
 -1.00000000e+00
 -2.00000000e+00
 -2.00000000e+00
 -2.00000000e+00
 -2.00000000e+00
 -2.00000000e+00
 -2.00000000e+00
 -1.00000000e+00
 0.00000000e+00
 2.00000000e+00
 3.00000000e+00
 4.00000000e+00
 5.00000000e+00
 5.00000000e+00
 5.00000000e+00
 5.00000000e+00
 4.00000000e+00
 2.00000000e+00
 0.00000000e+00
 -2.00000000e+00
 -4.00000000e+00
 -6.00000000e+00
 -8.00000000e+00
 -9.00000000e+00
 -9.00000000e+00
 -8.00000000e+00
 -6.00000000e+00
 -4.00000000e+00
 -1.00000000e+00
 2.00000000e+00
 5.00000000e+00
 8.00000000e+00
 1.00000000e+01
 1.10000000e+01
 1.10000000e+01
 1.00000000e+01
 8.00000000e+00
 5.00000000e+00
 2.00000000e+00
 -2.00000000e+00
 -6.00000000e+00
 -9.00000000e+00
 -1.20000000e+01
 -1.30000000e+01
 -1.30000000e+01
 -1.20000000e+01
 -1.00000000e+01
 -6.00000000e+00
 -2.00000000e+00
 2.00000000e+00
 6.00000000e+00
 1.00000000e+01
 1.30000000e+01
 1.40000000e+01
 1.40000000e+01
 1.30000000e+01
 1.10000000e+01
 7.00000000e+00
 3.00000000e+00
 -1.00000000e+00
 -6.00000000e+00
 -9.00000000e+00
 -1.20000000e+01
 -1.40000000e+01
 -1.40000000e+01
 -1.30000000e+01
 -1.00000000e+01
 -7.00000000e+00
 -3.00000000e+00
 1.00000000e+00
 4.00000000e+00
 8.00000000e+00
 1.00000000e+01
 1.10000000e+01
 1.10000000e+01
 1.00000000e+01
 8.00000000e+00
 6.00000000e+00
 3.00000000e+00
 0.00000000e+00
 -3.00000000e+00
 -5.00000000e+00
 -6.00000000e+00
 -7.00000000e+00
 -7.00000000e+00
 -6.00000000e+00
 -5.00000000e+00
 -3.00000000e+00
 -2.00000000e+00
 0.00000000e+00
 1.00000000e+00
 1.00000000e+00
 2.00000000e+00
 1.00000000e+00
 1.00000000e+00
 0.00000000e+00
 0.00000000e+00
 -1.00000000e+00
 0.00000000e+00
 0.00000000e+00
 1.00000000e+00
 3.00000000e+00
 5.00000000e+00
 6.00000000e+00
 7.00000000e+00
 8.00000000e+00
 7.00000000e+00
 6.00000000e+00
 4.00000000e+00
 0.00000000e+00
 -4.00000000e+00
 -8.00000000e+00
 -1.20000000e+01
 -1.50000000e+01
 -1.70000000e+01
 -1.70000000e+01
 -1.60000000e+01
 -1.30000000e+01
 -8.00000000e+00
 -2.00000000e+00
 5.00000000e+00
 1.30000000e+01
 1.90000000e+01
 2.40000000e+01
 2.70000000e+01
 2.80000000e+01
 2.60000000e+01
 2.10000000e+01
 1.30000000e+01
 4.00000000e+00
 -7.00000000e+00
 -1.70000000e+01
 -2.70000000e+01
 -3.40000000e+01
 -3.80000000e+01
 -3.90000000e+01
 -3.60000000e+01
 -2.90000000e+01
 -1.90000000e+01
 -6.00000000e+00
 8.00000000e+00
 2.20000000e+01
 3.40000000e+01
 4.30000000e+01
 4.90000000e+01
 5.00000000e+01
 4.60000000e+01
 3.80000000e+01
 2.50000000e+01
 9.00000000e+00
 -8.00000000e+00
 -2.50000000e+01
 -4.00000000e+01
 -5.20000000e+01
 -5.90000000e+01
 -6.10000000e+01
 -5.60000000e+01
 -4.60000000e+01
 -3.10000000e+01
 -1.30000000e+01
 7.00000000e+00
 2.70000000e+01
 4.50000000e+01
 5.90000000e+01
 6.70000000e+01
 6.90000000e+01
 6.50000000e+01
 5.40000000e+01
 3.70000000e+01
 1.70000000e+01
 -6.00000000e+00
 -2.80000000e+01
 -4.80000000e+01
 -6.40000000e+01
 -7.30000000e+01
 -7.60000000e+01
 -7.20000000e+01
 -6.00000000e+01
 -4.20000000e+01
 -2.10000000e+01
 4.00000000e+00
 2.80000000e+01
 4.90000000e+01
 6.60000000e+01
 7.70000000e+01
 8.00000000e+01
 7.60000000e+01
 6.40000000e+01
 4.60000000e+01
 2.40000000e+01
 -1.00000000e+00
 -2.60000000e+01
 -4.90000000e+01
 -6.70000000e+01
 -7.80000000e+01
 4.01500000e+03
 -7.80000000e+01
 -6.70000000e+01
 -4.90000000e+01
 -2.60000000e+01
 -1.00000000e+00
 2.40000000e+01
 4.60000000e+01
 6.40000000e+01
 7.60000000e+01
 8.00000000e+01
 7.70000000e+01
 6.60000000e+01
 4.90000000e+01
 2.80000000e+01
 4.00000000e+00
 -2.10000000e+01
 -4.20000000e+01
 -6.00000000e+01
 -7.20000000e+01
 -7.60000000e+01
 -7.30000000e+01
 -6.40000000e+01
 -4.80000000e+01
 -2.80000000e+01
 -6.00000000e+00
 1.70000000e+01
 3.70000000e+01
 5.40000000e+01
 6.50000000e+01
 6.90000000e+01
 6.70000000e+01
 5.90000000e+01
 4.50000000e+01
 2.70000000e+01
 7.00000000e+00
 -1.30000000e+01
 -3.10000000e+01
 -4.60000000e+01
 -5.60000000e+01
 -6.10000000e+01
 -5.90000000e+01
 -5.20000000e+01
 -4.00000000e+01
 -2.50000000e+01
 -8.00000000e+00
 9.00000000e+00
 2.50000000e+01
 3.80000000e+01
 4.60000000e+01
 5.00000000e+01
 4.90000000e+01
 4.30000000e+01
 3.40000000e+01
 2.20000000e+01
 8.00000000e+00
 -6.00000000e+00
 -1.90000000e+01
 -2.90000000e+01
 -3.60000000e+01
 -3.90000000e+01
 -3.80000000e+01
 -3.40000000e+01
 -2.70000000e+01
 -1.70000000e+01
 -7.00000000e+00
 4.00000000e+00
 1.30000000e+01
 2.10000000e+01
 2.60000000e+01
 2.80000000e+01
 2.70000000e+01
 2.40000000e+01
 1.90000000e+01
 1.30000000e+01
 5.00000000e+00
 -2.00000000e+00
 -8.00000000e+00
 -1.30000000e+01
 -1.60000000e+01
 -1.70000000e+01
 -1.70000000e+01
 -1.50000000e+01
 -1.20000000e+01
 -8.00000000e+00
 -4.00000000e+00
 0.00000000e+00
 4.00000000e+00
 6.00000000e+00
 7.00000000e+00
 8.00000000e+00
 7.00000000e+00
 6.00000000e+00
 5.00000000e+00
 3.00000000e+00
 1.00000000e+00
 0.00000000e+00
 0.00000000e+00
 -1.00000000e+00
 0.00000000e+00
 0.00000000e+00
 1.00000000e+00
 1.00000000e+00
 2.00000000e+00
 1.00000000e+00
 1.00000000e+00
 0.00000000e+00
 -2.00000000e+00
 -3.00000000e+00
 -5.00000000e+00
 -6.00000000e+00
 -7.00000000e+00
 -7.00000000e+00
 -6.00000000e+00
 -5.00000000e+00
 -3.00000000e+00
 0.00000000e+00
 3.00000000e+00
 6.00000000e+00
 8.00000000e+00
 1.00000000e+01
 1.10000000e+01
 1.10000000e+01
 1.00000000e+01
 8.00000000e+00
 4.00000000e+00
 1.00000000e+00
 -3.00000000e+00
 -7.00000000e+00
 -1.00000000e+01
 -1.30000000e+01
 -1.40000000e+01
 -1.40000000e+01
 -1.20000000e+01
 -9.00000000e+00
 -6.00000000e+00
 -1.00000000e+00
 3.00000000e+00
 7.00000000e+00
 1.10000000e+01
 1.30000000e+01
 1.40000000e+01
 1.40000000e+01
 1.30000000e+01
 1.00000000e+01
 6.00000000e+00
 2.00000000e+00
 -2.00000000e+00
 -6.00000000e+00
 -1.00000000e+01
 -1.20000000e+01
 -1.30000000e+01
 -1.30000000e+01
 -1.20000000e+01
 -9.00000000e+00
 -6.00000000e+00
 -2.00000000e+00
 2.00000000e+00
 5.00000000e+00
 8.00000000e+00
 1.00000000e+01
 1.10000000e+01
 1.10000000e+01
 1.00000000e+01
 8.00000000e+00
 5.00000000e+00
 2.00000000e+00
 -1.00000000e+00
 -4.00000000e+00
 -6.00000000e+00
 -8.00000000e+00
 -9.00000000e+00
 -9.00000000e+00
 -8.00000000e+00
 -6.00000000e+00
 -4.00000000e+00
 -2.00000000e+00
 0.00000000e+00
 2.00000000e+00
 4.00000000e+00
 5.00000000e+00
 5.00000000e+00
 5.00000000e+00
 5.00000000e+00
 4.00000000e+00
 3.00000000e+00
 2.00000000e+00
 0.00000000e+00
 -1.00000000e+00
 -2.00000000e+00
 -2.00000000e+00
 -2.00000000e+00
 -2.00000000e+00
 -2.00000000e+00
 -2.00000000e+00
 -1.00000000e+00
 -1.00000000e+00
 0.00000000e+00
 0.00000000e+00
 0.00000000e+00
 0.00000000e+00
 0.00000000e+00
 0.00000000e+00
 -1.00000000e+00
 -1.00000000e+00
 0.00000000e+00
 0.00000000e+00
 0.00000000e+00
 1.00000000e+00
 2.00000000e+00
 2.00000000e+00
 3.00000000e+00
 3.00000000e+00
 3.00000000e+00
 2.00000000e+00
 2.00000000e+00
 1.00000000e+00
 0.00000000e+00
 -1.00000000e+00
 -2.00000000e+00
 -3.00000000e+00
 -4.00000000e+00
 -4.00000000e+00
 -4.00000000e+00
 -4.00000000e+00
 -3.00000000e+00
 -2.00000000e+00
 0.00000000e+00
 1.00000000e+00
 3.00000000e+00
 4.00000000e+00
 5.00000000e+00
 5.00000000e+00
 5.00000000e+00
 5.00000000e+00
 4.00000000e+00
 2.00000000e+00
 1.00000000e+00
 -1.00000000e+00
 -3.00000000e+00
 -4.00000000e+00
 -5.00000000e+00
 -5.00000000e+00
 -5.00000000e+00
 -5.00000000e+00
 -4.00000000e+00
 -2.00000000e+00
 -1.00000000e+00
 1.00000000e+00
 2.00000000e+00
 4.00000000e+00
 5.00000000e+00
 5.00000000e+00
 5.00000000e+00
 5.00000000e+00
 4.00000000e+00
 3.00000000e+00
 1.00000000e+00
 0.00000000e+00
 -2.00000000e+00
 -3.00000000e+00
 -4.00000000e+00
 -4.00000000e+00
 -4.00000000e+00
 -4.00000000e+00
 -3.00000000e+00
 -2.00000000e+00
 -1.00000000e+00
 0.00000000e+00
 1.00000000e+00
 2.00000000e+00
 3.00000000e+00
 3.00000000e+00
 3.00000000e+00
 3.00000000e+00
 3.00000000e+00
 2.00000000e+00
 1.00000000e+00
 0.00000000e+00
 0.00000000e+00
 -1.00000000e+00
 -2.00000000e+00
 -2.00000000e+00
 -2.00000000e+00
 -2.00000000e+00
 -2.00000000e+00
 -1.00000000e+00
 -1.00000000e+00
 0.00000000e+00
 0.00000000e+00
 0.00000000e+00
 1.00000000e+00
 1.00000000e+00
 1.00000000e+00
 1.00000000e+00
 1.00000000e+00
 1.00000000e+00
 1.00000000e+00
 0.00000000e+00
 0.00000000e+00
 0.00000000e+00
 0.00000000e+00
 0.00000000e+00
 0.00000000e+00
 0.00000000e+00
 0.00000000e+00
 0.00000000e+00
 0.00000000e+00
 0.00000000e+00
 -1.00000000e+00
 -1.00000000e+00
 -1.00000000e+00
 -1.00000000e+00
 -1.00000000e+00
 -1.00000000e+00
 -1.00000000e+00
 -1.00000000e+00
 0.00000000e+00
 0.00000000e+00
 1.00000000e+00
 1.00000000e+00
 1.00000000e+00
 1.00000000e+00
 2.00000000e+00
 2.00000000e+00
 1.00000000e+00
 1.00000000e+00
 1.00000000e+00
 0.00000000e+00
 0.00000000e+00
 -1.00000000e+00
 -1.00000000e+00
 -2.00000000e+00
 -2.00000000e+00
 -2.00000000e+00
 -2.00000000e+00
 -1.00000000e+00
 -1.00000000e+00
 0.00000000e+00
 0.00000000e+00
 1.00000000e+00
 1.00000000e+00
 2.00000000e+00
 2.00000000e+00
 2.00000000e+00
 2.00000000e+00
 1.00000000e+00
 1.00000000e+00
 0.00000000e+00
 0.00000000e+00
 -1.00000000e+00
 -1.00000000e+00
 -1.00000000e+00
 -2.00000000e+00
 -2.00000000e+00
 -2.00000000e+00
 -1.00000000e+00
 -1.00000000e+00
 -1.00000000e+00
 0.00000000e+00
 0.00000000e+00
 1.00000000e+00
 1.00000000e+00
 1.00000000e+00
 1.00000000e+00
 1.00000000e+00
 1.00000000e+00
 1.00000000e+00
 1.00000000e+00
 0.00000000e+00
 0.00000000e+00
 0.00000000e+00
 -1.00000000e+00
 -1.00000000e+00
 -1.00000000e+00
 -1.00000000e+00
 -1.00000000e+00
 -1.00000000e+00
 -1.00000000e+00
 0.00000000e+00
 0.00000000e+00
 0.00000000e+00
 0.00000000e+00
 1.00000000e+00
 1.00000000e+00
 1.00000000e+00
 1.00000000e+00
 1.00000000e+00
 0.00000000e+00
 0.00000000e+00
 0.00000000e+00
 0.00000000e+00
 0.00000000e+00
 0.00000000e+00
 0.00000000e+00
 0.00000000e+00
 0.00000000e+00
 0.00000000e+00
 0.00000000e+00
 0.00000000e+00
 0.00000000e+00
 0.00000000e+00
 0.00000000e+00
 0.00000000e+00
 0.00000000e+00
 0.00000000e+00
 0.00000000e+00
 0.00000000e+00
 0.00000000e+00
 0.00000000e+00
 0.00000000e+00
 0.00000000e+00
 0.00000000e+00
 0.00000000e+00
 0.00000000e+00
 0.00000000e+00
 0.00000000e+00
 0.00000000e+00
 0.00000000e+00
 0.00000000e+00
 0.00000000e+00
 0.00000000e+00
 0.00000000e+00
 0.00000000e+00
 0.00000000e+00
 0.00000000e+00
 0.00000000e+00
 0.00000000e+00
 0.00000000e+00
 0.00000000e+00
 0.00000000e+00
 0.00000000e+00
 0.00000000e+00
 0.00000000e+00
 1.00000000e+00
 1.00000000e+00
 0.00000000e+00
 0.00000000e+00
 0.00000000e+00
 0.00000000e+00
 0.00000000e+00
 0.00000000e+00
 0.00000000e+00
 0.00000000e+00
 0.00000000e+00
 -1.00000000e+00
 -1.00000000e+00
 0.00000000e+00
 0.00000000e+00
 0.00000000e+00
 0.00000000e+00
 0.00000000e+00
 0.00000000e+00
 0.00000000e+00
 0.00000000e+00
 0.00000000e+00
 0.00000000e+00
 0.00000000e+00
 0.00000000e+00
 0.00000000e+00
 0.00000000e+00
 0.00000000e+00
 0.00000000e+00
 0.00000000e+00
 0.00000000e+00
 0.00000000e+00
 0.00000000e+00
 0.00000000e+00
 0.00000000e+00
 0.00000000e+00
 0.00000000e+00
 0.00000000e+00
 0.00000000e+00
 0.00000000e+00
 0.00000000e+00
 0.00000000e+00
 0.00000000e+00
 0.00000000e+00
 0.00000000e+00
 0.00000000e+00
 0.00000000e+00
 0.00000000e+00
 0.00000000e+00
 0.00000000e+00
 0.00000000e+00
 0.00000000e+00
 0.00000000e+00
 0.00000000e+00
 0.00000000e+00
 0.00000000e+00
 0.00000000e+00
 0.00000000e+00
 0.00000000e+00
 0.00000000e+00
 0.00000000e+00
 0.00000000e+00
 0.00000000e+00
 0.00000000e+00
 0.00000000e+00
 0.00000000e+00
 0.00000000e+00
