  -3.8812927e-03
  -6.4010767e-03
  -7.8393288e-03
  -8.3396490e-03
  -8.3684059e-03
  -8.3335313e-03
  -8.3686532e-03
  -8.5243512e-03
  -8.7503947e-03
  -9.0409118e-03
  -9.3998172e-03
  -9.8316000e-03
  -1.0344670e-02
  -1.0923458e-02
  -1.1561091e-02
  -1.2234852e-02
  -1.2927144e-02
  -1.3614238e-02
  -1.4270347e-02
  -1.4887752e-02
  -1.5451466e-02
  -1.5956600e-02
  -1.6399279e-02
  -1.6780946e-02
  -1.7104540e-02
  -1.7371470e-02
  -1.7591717e-02
  -1.7775286e-02
  -1.7933959e-02
  -1.8080786e-02
  -1.8226319e-02
  -1.8381537e-02
  -1.8551496e-02
  -1.8745566e-02
  -1.8970284e-02
  -1.9232389e-02
  -1.9536258e-02
  -1.9882496e-02
  -2.0268154e-02
  -2.0688777e-02
  -2.1137821e-02
  -2.1611176e-02
  -2.2104436e-02
  -2.2615911e-02
  -2.3143626e-02
  -2.3686339e-02
  -2.4243189e-02
  -2.4812803e-02
  -2.5390275e-02
  -2.5970234e-02
  -2.6549682e-02
  -2.7127473e-02
  -2.7698369e-02
  -2.8261139e-02
  -2.8810841e-02
  -2.9345288e-02
  -2.9861853e-02
  -3.0358853e-02
  -3.0834871e-02
  -3.1289724e-02
  -3.1723559e-02
  -3.2138391e-02
  -3.2533406e-02
  -3.2909889e-02
  -3.3267686e-02
  -3.3607851e-02
  -3.3930686e-02
  -3.4235005e-02
  -3.4516645e-02
  -3.4774740e-02
  -3.5005561e-02
  -3.5209186e-02
  -3.5384795e-02
  -3.5533129e-02
  -3.5652940e-02
  -3.5745953e-02
  -3.5811207e-02
  -3.5849084e-02
  -3.5858739e-02
  -3.5838842e-02
  -3.5787133e-02
  -3.5704406e-02
  -3.5589475e-02
  -3.5442385e-02
  -3.5263419e-02
  -3.5052489e-02
  -3.4805140e-02
  -3.4522833e-02
  -3.4204379e-02
  -3.3851315e-02
  -3.3462707e-02
  -3.3039343e-02
  -3.2581669e-02
  -3.2091992e-02
  -3.1570460e-02
  -3.1017070e-02
  -3.0428730e-02
  -2.9803125e-02
  -2.9133157e-02
  -2.8414313e-02
  -2.7646173e-02
  -2.6827464e-02
  -2.5958584e-02
  -2.5044133e-02
  -2.4084689e-02
  -2.3082502e-02
  -2.2039585e-02
  -2.0957419e-02
  -1.9835552e-02
  -1.8673363e-02
  -1.7468782e-02
  -1.6218987e-02
  -1.4923396e-02
  -1.3581854e-02
  -1.2190066e-02
  -1.0749002e-02
  -9.2573966e-03
  -7.7168819e-03
  -6.1265968e-03
  -4.4877058e-03
  -2.8019843e-03
  -1.0701845e-03
   7.0598365e-04
   2.5258264e-03
   4.3950072e-03
   6.3130321e-03
   8.2821802e-03
   1.0305056e-02
   1.2380271e-02
   1.4505982e-02
   1.6682940e-02
   1.8911345e-02
   2.1194294e-02
   2.3525011e-02
   2.5903084e-02
   2.8326937e-02
   3.0790489e-02
   3.3289833e-02
   3.5822647e-02
   3.8385875e-02
   4.0981589e-02
   4.3604521e-02
   4.6255173e-02
   4.8931954e-02
   5.1635279e-02
   5.4359666e-02
   5.7105127e-02
   5.9869950e-02
   6.2645461e-02
   6.5426106e-02
   6.8211093e-02
   7.0995064e-02
   7.3777293e-02
   7.6554116e-02
   7.9327469e-02
   8.2095409e-02
   8.4854692e-02
   8.7600235e-02
   9.0325924e-02
   9.3028201e-02
   9.5703079e-02
   9.8344915e-02
   1.0094914e-01
   1.0350769e-01
   1.0602199e-01
   1.0849002e-01
   1.1091341e-01
   1.1329128e-01
   1.1562441e-01
   1.1791211e-01
   1.2015559e-01
   1.2235525e-01
   1.2450678e-01
   1.2661017e-01
   1.2866648e-01
   1.3066675e-01
   1.3261373e-01
   1.3450414e-01
   1.3632953e-01
   1.3808592e-01
   1.3977509e-01
   1.4139858e-01
   1.4296064e-01
   1.4446584e-01
   1.4592134e-01
   1.4732981e-01
   1.4869458e-01
   1.5001211e-01
   1.5128095e-01
   1.5249795e-01
   1.5366283e-01
   1.5477376e-01
   1.5582761e-01
   1.5681686e-01
   1.5774141e-01
   1.5860844e-01
   1.5942322e-01
   1.6018648e-01
   1.6090754e-01
   1.6158237e-01
   1.6221165e-01
   1.6279929e-01
   1.6334675e-01
   1.6385388e-01
   1.6432317e-01
   1.6475721e-01
   1.6515190e-01
   1.6550730e-01
   1.6583021e-01
   1.6611567e-01
   1.6636581e-01
   1.6658380e-01
   1.6677188e-01
   1.6693050e-01
   1.6706240e-01
   1.6717068e-01
   1.6725789e-01
   1.6732372e-01
   1.6736596e-01
   1.6738254e-01
   1.6737216e-01
   1.6733111e-01
   1.6726245e-01
   1.6716402e-01
   1.6703705e-01
   1.6688027e-01
   1.6669294e-01
   1.6647716e-01
   1.6623732e-01
   1.6597345e-01
   1.6568591e-01
   1.6537621e-01
   1.6504096e-01
   1.6467560e-01
   1.6428032e-01
   1.6384986e-01
   1.6338299e-01
   1.6287780e-01
   1.6234045e-01
   1.6177382e-01
   1.6117575e-01
   1.6054711e-01
   1.5989175e-01
   1.5921146e-01
   1.5850803e-01
   1.5777832e-01
   1.5702250e-01
   1.5623806e-01
   1.5542029e-01
   1.5456873e-01
   1.5368184e-01
   1.5275951e-01
   1.5180602e-01
   1.5082676e-01
   1.4982744e-01
   1.4880521e-01
   1.4776218e-01
   1.4669861e-01
   1.4561778e-01
   1.4452549e-01
   1.4342223e-01
   1.4230150e-01
   1.4116614e-01
   1.4001245e-01
   1.3883928e-01
   1.3764868e-01
   1.3644431e-01
   1.3522453e-01
   1.3399136e-01
   1.3274633e-01
   1.3149645e-01
   1.3023879e-01
   1.2897939e-01
   1.2771476e-01
   1.2644430e-01
   1.2516661e-01
   1.2387710e-01
   1.2257306e-01
   1.2125466e-01
   1.1991849e-01
   1.1856955e-01
   1.1720995e-01
   1.1584725e-01
   1.1448390e-01
   1.1312158e-01
   1.1176297e-01
   1.1040475e-01
   1.0904199e-01
   1.0767671e-01
   1.0630914e-01
   1.0493780e-01
   1.0355320e-01
   1.0215620e-01
   1.0074657e-01
   9.9327789e-02
   9.7902914e-02
   9.6476129e-02
   9.5049499e-02
   9.3628119e-02
   9.2210403e-02
   9.0798345e-02
   8.9390866e-02
   8.7987134e-02
   8.6587459e-02
   8.5190406e-02
   8.3796457e-02
   8.2409349e-02
   8.1023997e-02
   7.9641009e-02
   7.8264249e-02
   7.6898848e-02
   7.5549426e-02
   7.4218537e-02
   7.2904910e-02
   7.1606720e-02
   7.0318687e-02
   6.9045883e-02
   6.7787614e-02
   6.6544481e-02
   6.5317582e-02
   6.4110138e-02
   6.2926841e-02
   6.1770789e-02
   6.0640978e-02
   5.9537160e-02
   5.8458201e-02
   5.7406070e-02
   5.6378903e-02
   5.5376155e-02
   5.4397987e-02
   5.3448058e-02
   5.2525025e-02
   5.1626823e-02
   5.0751157e-02
   4.9895429e-02
   4.9057464e-02
   4.8240335e-02
   4.7446183e-02
   4.6679841e-02
   4.5946739e-02
   4.5251995e-02
   4.4594503e-02
   4.3972248e-02
   4.3382767e-02
   4.2824201e-02
   4.2291511e-02
   4.1782666e-02
   4.1293965e-02
   4.0824322e-02
   4.0374389e-02
   3.9947817e-02
   3.9546845e-02
   3.9176479e-02
   3.8835268e-02
   3.8523888e-02
   3.8243364e-02
   3.7991729e-02
   3.7765674e-02
   3.7563874e-02
   3.7382251e-02
   3.7222447e-02
   3.7079603e-02
   3.6952599e-02
   3.6842648e-02
   3.6752744e-02
   3.6684744e-02
   3.6642697e-02
   3.6628026e-02
   3.6643448e-02
   3.6686942e-02
   3.6757376e-02
   3.6853132e-02
   3.6976916e-02
   3.7128555e-02
   3.7308313e-02
   3.7514840e-02
   3.7744808e-02
   3.7995894e-02
   3.8265253e-02
   3.8548694e-02
   3.8848898e-02
   3.9166386e-02
   3.9501658e-02
   3.9851986e-02
   4.0219352e-02
   4.0603561e-02
   4.1004869e-02
   4.1421305e-02
   4.1850460e-02
   4.2290088e-02
   4.2745150e-02
   4.3215370e-02
   4.3697141e-02
   4.4193211e-02
   4.4702411e-02
   4.5220803e-02
   4.5746860e-02
   4.6281065e-02
   4.6823409e-02
   4.7373565e-02
   4.7932612e-02
   4.8498605e-02
   4.9071027e-02
   4.9645467e-02
   5.0220968e-02
   5.0797429e-02
   5.1379747e-02
   5.1970329e-02
   5.2569835e-02
   5.3173124e-02
   5.3778884e-02
   5.4386244e-02
   5.4996404e-02
   5.5608153e-02
   5.6217380e-02
   5.6825519e-02
   5.7434915e-02
   5.8048591e-02
   5.8667426e-02
   5.9292176e-02
   5.9926984e-02
   6.0567956e-02
   6.1210880e-02
   6.1850246e-02
   6.2479820e-02
   6.3094170e-02
   6.3693157e-02
   6.4273821e-02
   6.4837578e-02
   6.5383956e-02
   6.5913888e-02
   6.6432727e-02
   6.6937133e-02
   6.7429951e-02
   6.7910144e-02
   6.8373442e-02
   6.8822268e-02
   6.9256835e-02
   6.9676875e-02
   7.0081044e-02
   7.0470942e-02
   7.0844255e-02
   7.1203393e-02
   7.1548692e-02
   7.1879457e-02
   7.2190057e-02
   7.2476842e-02
   7.2739209e-02
   7.2982596e-02
   7.3207644e-02
   7.3414818e-02
   7.3603224e-02
   7.3779227e-02
   7.3949005e-02
   7.4109824e-02
   7.4259334e-02
   7.4396492e-02
   7.4518540e-02
   7.4621300e-02
   7.4703875e-02
   7.4765600e-02
   7.4803811e-02
   7.4824470e-02
   7.4825434e-02
   7.4814972e-02
   7.4798307e-02
   7.4776247e-02
   7.4747561e-02
   7.4709950e-02
   7.4666655e-02
   7.4621318e-02
   7.4573292e-02
   7.4525864e-02
   7.4472020e-02
   7.4412164e-02
   7.4344235e-02
   7.4268426e-02
   7.4186563e-02
   7.4096892e-02
   7.3999154e-02
   7.3895714e-02
   7.3787031e-02
   7.3673079e-02
   7.3555415e-02
   7.3435665e-02
   7.3317718e-02
   7.3203437e-02
   7.3094796e-02
   7.2990164e-02
   7.2890188e-02
   7.2790964e-02
   7.2695722e-02
   7.2601685e-02
   7.2505688e-02
   7.2407951e-02
   7.2306067e-02
   7.2200595e-02
   7.2089228e-02
   7.1976790e-02
   7.1866394e-02
   7.1763740e-02
   7.1670909e-02
   7.1589062e-02
   7.1512139e-02
   7.1440069e-02
   7.1375126e-02
   7.1318658e-02
   7.1269359e-02
   7.1230310e-02
   7.1203363e-02
   7.1195255e-02
   7.1209974e-02
   7.1244849e-02
   7.1302030e-02
   7.1378778e-02
   7.1475577e-02
   7.1591107e-02
   7.1722549e-02
   7.1871311e-02
   7.2035355e-02
   7.2217474e-02
   7.2418438e-02
   7.2640825e-02
   7.2892193e-02
   7.3173820e-02
   7.3485629e-02
   7.3832639e-02
   7.4213192e-02
   7.4625702e-02
   7.5073250e-02
   7.5556390e-02
   7.6074130e-02
   7.6630335e-02
   7.7225017e-02
   7.7859479e-02
   7.8534447e-02
   7.9243542e-02
   7.9985702e-02
   8.0756642e-02
   8.1552582e-02
   8.2375554e-02
   8.3228537e-02
   8.4108168e-02
   8.5014049e-02
   8.5946748e-02
   8.6905314e-02
   8.7890626e-02
   8.8898312e-02
   8.9923578e-02
   9.0968147e-02
   9.2032805e-02
   9.3118838e-02
   9.4229850e-02
   9.5369030e-02
   9.6538361e-02
   9.7736895e-02
   9.8967454e-02
   1.0023239e-01
   1.0153418e-01
   1.0287523e-01
   1.0425603e-01
   1.0567659e-01
   1.0713464e-01
   1.0862364e-01
   1.1013489e-01
   1.1167507e-01
   1.1324668e-01
   1.1485055e-01
   1.1648990e-01
   1.1816000e-01
   1.1986765e-01
   1.2161173e-01
   1.2338477e-01
   1.2518640e-01
   1.2701429e-01
   1.2886163e-01
   1.3072969e-01
   1.3261869e-01
   1.3453346e-01
   1.3647546e-01
   1.3844588e-01
   1.4044169e-01
   1.4246232e-01
   1.4450224e-01
   1.4655810e-01
   1.4862833e-01
   1.5071150e-01
   1.5280753e-01
   1.5491926e-01
   1.5704995e-01
   1.5920675e-01
   1.6139489e-01
   1.6362164e-01
   1.6588726e-01
   1.6818839e-01
   1.7051867e-01
   1.7287013e-01
   1.7523750e-01
   1.7761301e-01
   1.7998939e-01
   1.8236524e-01
   1.8473814e-01
   1.8710772e-01
   1.8947282e-01
   1.9183360e-01
   1.9419360e-01
   1.9655510e-01
   1.9890998e-01
   2.0125575e-01
   2.0359149e-01
   2.0591674e-01
   2.0823445e-01
   2.1054706e-01
   2.1285664e-01
   2.1516396e-01
   2.1746720e-01
   2.1976319e-01
   2.2204572e-01
   2.2431522e-01
   2.2656789e-01
   2.2880592e-01
   2.3103204e-01
   2.3324446e-01
   2.3543828e-01
   2.3761008e-01
   2.3976018e-01
   2.4188972e-01
   2.4399072e-01
   2.4605260e-01
   2.4807247e-01
   2.5006147e-01
   2.5202834e-01
   2.5397412e-01
   2.5588901e-01
   2.5776544e-01
   2.5959895e-01
   2.6138066e-01
   2.6310277e-01
   2.6476506e-01
   2.6636190e-01
   2.6789008e-01
   2.6934763e-01
   2.7073644e-01
   2.7206096e-01
   2.7332499e-01
   2.7452857e-01
   2.7566733e-01
   2.7673904e-01
   2.7773964e-01
   2.7866302e-01
   2.7950063e-01
   2.8024332e-01
   2.8089029e-01
   2.8144962e-01
   2.8192972e-01
   2.8233815e-01
   2.8267647e-01
   2.8294343e-01
   2.8313165e-01
   2.8323398e-01
   2.8325378e-01
   2.8318686e-01
   2.8303194e-01
   2.8278874e-01
   2.8245181e-01
   2.8202469e-01
   2.8150622e-01
   2.8089735e-01
   2.8020330e-01
   2.7941598e-01
   2.7853965e-01
   2.7757228e-01
   2.7651364e-01
   2.7536160e-01
   2.7411697e-01
   2.7278766e-01
   2.7898526e-01
   2.7996334e-01
   2.7801517e-01
   2.7477526e-01
   2.7129109e-01
   2.6813329e-01
   2.6550918e-01
   2.6341241e-01
   2.6172686e-01
   2.6030081e-01
   2.5899257e-01
   2.5768967e-01
   2.5631666e-01
   2.5482431e-01
   2.5318755e-01
   2.5140741e-01
   2.4949673e-01
   2.4746797e-01
   2.4532994e-01
   2.4309802e-01
   2.4078516e-01
   2.3840378e-01
   2.3596601e-01
   2.3348455e-01
   2.3096659e-01
   2.2842171e-01
   2.2586132e-01
   2.2329748e-01
   2.2074077e-01
   2.1820278e-01
   2.1568961e-01
   2.1320234e-01
   2.1073991e-01
   2.0830850e-01
   2.0590674e-01
   2.0353441e-01
   2.0118503e-01
   1.9885371e-01
   1.9653037e-01
   1.9421131e-01
   1.9188805e-01
   1.8956173e-01
   1.8723542e-01
   1.8491417e-01
   1.8260380e-01
   1.8030858e-01
   1.7803036e-01
   1.7576696e-01
   1.7350836e-01
   1.7125349e-01
   1.6900070e-01
   1.6675111e-01
   1.6450645e-01
   1.6226876e-01
   1.6003394e-01
   1.5780412e-01
   1.5557375e-01
   1.5334432e-01
   1.5111540e-01
   1.4888820e-01
   1.4666842e-01
   1.4445999e-01
   1.4225891e-01
   1.4006847e-01
   1.3788543e-01
   1.3571054e-01
   1.3354232e-01
   1.3137814e-01
   1.2921164e-01
   1.2704395e-01
   1.2487366e-01
   1.2270958e-01
   1.2055485e-01
   1.1841280e-01
   1.1628548e-01
   1.1417265e-01
   1.1206719e-01
   1.0997197e-01
   1.0788154e-01
   1.0579875e-01
   1.0372219e-01
   1.0165690e-01
   9.9608271e-02
   9.7575271e-02
   9.5561097e-02
   9.3570516e-02
   9.1595542e-02
   8.9641889e-02
   8.7716793e-02
   8.5822304e-02
   8.3954588e-02
   8.2120024e-02
   8.0316375e-02
   7.8548346e-02
   7.6816810e-02
   7.5117328e-02
   7.3446679e-02
   7.1804009e-02
   7.0177094e-02
   6.8569147e-02
   6.6989852e-02
   6.5443039e-02
   6.3936485e-02
   6.2475175e-02
   6.1061365e-02
   5.9700926e-02
   5.8393479e-02
   5.7142633e-02
   5.5945942e-02
   5.4795694e-02
   5.3685546e-02
   5.2613000e-02
   5.1573476e-02
   5.0564060e-02
   4.9579057e-02
   4.8620794e-02
   4.7688279e-02
   4.6784297e-02
   4.5908848e-02
   4.5066206e-02
   4.4259196e-02
   4.3485942e-02
   4.2742860e-02
   4.2019645e-02
   4.1311171e-02
   4.0612796e-02
   3.9921990e-02
   3.9239219e-02
   3.8561500e-02
   3.7888195e-02
   3.7215004e-02
   3.6547388e-02
   3.5877414e-02
   3.5210893e-02
   3.4547980e-02
   3.3892030e-02
   3.3238400e-02
   3.2587920e-02
   3.1938701e-02
   3.1289353e-02
   3.0635024e-02
   2.9976400e-02
   2.9304793e-02
   2.8627084e-02
   2.7938474e-02
   2.7241904e-02
   2.6540818e-02
   2.5833595e-02
   2.5123761e-02
   2.4410912e-02
   2.3683071e-02
   2.2950240e-02
   2.2212640e-02
   2.1467366e-02
   2.0709964e-02
   1.9944405e-02
   1.9169703e-02
   1.8391017e-02
   1.7609234e-02
   1.6828010e-02
   1.6047835e-02
   1.5279748e-02
   1.4525137e-02
   1.3786229e-02
   1.3054823e-02
   1.2332201e-02
   1.1609171e-02
   1.0887629e-02
   1.0162649e-02
   9.4335899e-03
   8.7034889e-03
   7.9740136e-03
   7.2485433e-03
   6.5251127e-03
   5.8067488e-03
   5.1012145e-03
   4.4103008e-03
   3.7373342e-03
   3.0859322e-03
   2.4601455e-03
   1.8535929e-03
   1.2636912e-03
   6.8691618e-04
   1.1538884e-04
  -4.5934435e-04
  -1.0399167e-03
  -1.6332433e-03
  -2.2358746e-03
  -2.8369368e-03
  -3.4235531e-03
  -3.9890160e-03
  -4.5278494e-03
  -5.0379014e-03
  -5.5218693e-03
  -5.9929616e-03
  -6.4536126e-03
  -6.9125301e-03
  -7.3759702e-03
  -7.8480221e-03
  -8.3206339e-03
  -8.7958954e-03
  -9.2683003e-03
  -9.7361304e-03
  -1.0195761e-02
  -1.0651827e-02
  -1.1105910e-02
  -1.1559875e-02
  -1.2009695e-02
  -1.2460776e-02
  -1.2911518e-02
  -1.3364588e-02
  -1.3819113e-02
  -1.4276825e-02
  -1.4737273e-02
  -1.5205506e-02
  -1.5685336e-02
  -1.6170531e-02
  -1.6656631e-02
  -1.7147105e-02
  -1.7639062e-02
  -1.8134695e-02
  -1.8630604e-02
  -1.9127311e-02
  -1.9621222e-02
  -2.0118097e-02
  -2.0618628e-02
  -2.1124612e-02
  -2.1635787e-02
  -2.2155871e-02
  -2.2686354e-02
  -2.3224385e-02
  -2.3767395e-02
  -2.4314017e-02
  -2.4859505e-02
  -2.5399280e-02
  -2.5928331e-02
  -2.6446928e-02
  -2.6951237e-02
  -2.7454385e-02
  -2.7961014e-02
  -2.8472315e-02
  -2.8992860e-02
  -2.9525809e-02
  -3.0066143e-02
  -3.0611600e-02
  -3.1154980e-02
  -3.1695481e-02
  -3.2227514e-02
  -3.2746150e-02
  -3.3251270e-02
  -3.3741810e-02
  -3.4220128e-02
  -3.4692670e-02
  -3.5167642e-02
  -3.5651421e-02
  -3.6136806e-02
  -3.6628217e-02
  -3.7123005e-02
  -3.7627207e-02
  -3.8136346e-02
  -3.8646694e-02
  -3.9149838e-02
  -3.9645992e-02
  -4.0127490e-02
  -4.0596162e-02
  -4.1053327e-02
  -4.1511112e-02
  -4.1967116e-02
  -4.2424732e-02
  -4.2882551e-02
  -4.3350017e-02
  -4.3813544e-02
  -4.4279940e-02
  -4.4740230e-02
  -4.5188695e-02
  -4.5619669e-02
  -4.6028794e-02
  -4.6413538e-02
  -4.6784532e-02
  -4.7137564e-02
  -4.7481959e-02
  -4.7822216e-02
  -4.8163239e-02
  -4.8505092e-02
  -4.8846410e-02
  -4.9182986e-02
  -4.9509417e-02
  -4.9819360e-02
  -5.0113677e-02
  -5.0388132e-02
  -5.0644175e-02
  -5.0873662e-02
  -5.1079192e-02
  -5.1259720e-02
  -5.1428370e-02
  -5.1586671e-02
  -5.1741096e-02
  -5.1890947e-02
  -5.2037010e-02
  -5.2178654e-02
  -5.2311507e-02
  -5.2427264e-02
  -5.2525664e-02
  -5.2598558e-02
  -5.2650851e-02
  -5.2687044e-02
  -5.2710066e-02
  -5.2715519e-02
  -5.2704710e-02
  -5.2683565e-02
  -5.2661381e-02
  -5.2637154e-02
  -5.2610907e-02
  -5.2574522e-02
  -5.2525222e-02
  -5.2453153e-02
  -5.2361052e-02
  -5.2249798e-02
  -5.2123606e-02
  -5.1981960e-02
  -5.1833265e-02
  -5.1679863e-02
  -5.1522199e-02
  -5.1355483e-02
  -5.1175227e-02
  -5.0979737e-02
  -5.0769348e-02
  -5.0539919e-02
  -5.0293416e-02
  -5.0026838e-02
  -4.9748952e-02
  -4.9455713e-02
  -4.9142577e-02
  -4.8807609e-02
  -4.8447778e-02
  -4.8062905e-02
  -4.7660256e-02
  -4.7242865e-02
  -4.6821071e-02
  -4.6401843e-02
  -4.5990669e-02
  -4.5578083e-02
  -4.5157358e-02
  -4.4722247e-02
  -4.4266597e-02
  -4.3782927e-02
  -4.3268467e-02
  -4.2717215e-02
  -4.2134780e-02
  -4.1529588e-02
  -4.0913317e-02
  -4.0289096e-02
  -3.9661959e-02
  -3.9025988e-02
  -3.8377524e-02
  -3.7713549e-02
  -3.7029737e-02
  -3.6327970e-02
  -3.5612910e-02
  -3.4886599e-02
  -3.4153129e-02
  -3.3407212e-02
  -3.2651906e-02
  -3.1892517e-02
  -3.1123517e-02
  -3.0355751e-02
  -2.9594808e-02
  -2.8828255e-02
  -2.8050602e-02
  -2.7260251e-02
  -2.6457332e-02
  -2.5647532e-02
  -2.4844931e-02
  -2.4053073e-02
  -2.3263604e-02
  -2.2468098e-02
  -2.1660579e-02
  -2.0841586e-02
  -2.0010627e-02
  -1.9165476e-02
  -1.8316713e-02
  -1.7467260e-02
  -1.6619885e-02
  -1.5770497e-02
  -1.4924625e-02
  -1.4083675e-02
  -1.3247066e-02
  -1.2409090e-02
  -1.1566792e-02
  -1.0720712e-02
  -9.8829932e-03
  -9.0521358e-03
  -8.2201125e-03
  -7.3934384e-03
  -6.5710754e-03
  -5.7459832e-03
  -4.9165491e-03
  -4.0872342e-03
  -3.2602781e-03
  -2.4350374e-03
  -1.6110419e-03
  -7.8769158e-04
   3.6640398e-05
   8.6975531e-04
   1.7095887e-03
   2.5533503e-03
   3.3868646e-03
   4.2044223e-03
   5.0047369e-03
   5.7981260e-03
   6.5867787e-03
   7.3694624e-03
   8.1439150e-03
   8.9138809e-03
   9.6867807e-03
   1.0456535e-02
   1.1217343e-02
   1.1964156e-02
   1.2695403e-02
   1.3409731e-02
   1.4100832e-02
   1.4776963e-02
   1.5446423e-02
   1.6119661e-02
   1.6802822e-02
   1.7499469e-02
   1.8202636e-02
   1.8913828e-02
   1.9625049e-02
   2.0331774e-02
   2.1028605e-02
   2.1706068e-02
   2.2377137e-02
   2.3036229e-02
   2.3686781e-02
   2.4338998e-02
   2.4985185e-02
   2.5624197e-02
   2.6257244e-02
   2.6887058e-02
   2.7507875e-02
   2.8124246e-02
   2.8735275e-02
   2.9342313e-02
   2.9944513e-02
   3.0553824e-02
   3.1171037e-02
   3.1793856e-02
   3.2412197e-02
   3.3024318e-02
   3.3629631e-02
   3.4229791e-02
   3.4814739e-02
   3.5377032e-02
   3.5928249e-02
   3.6478252e-02
   3.7027267e-02
   3.7578544e-02
   3.8140356e-02
   3.8711741e-02
   3.9290207e-02
   3.9878273e-02
   4.0458697e-02
   4.1037051e-02
   4.1598652e-02
   4.2138860e-02
   4.2665052e-02
   4.3187085e-02
   4.3710914e-02
   4.4228736e-02
   4.4736180e-02
   4.5237431e-02
   4.5725686e-02
   4.6215874e-02
   4.6704449e-02
   4.7193543e-02
   4.7681862e-02
   4.8166649e-02
   4.8651628e-02
   4.9137004e-02
   4.9615653e-02
   5.0087001e-02
   5.0551034e-02
   5.1001819e-02
   5.1442779e-02
   5.1866383e-02
   5.2274145e-02
   5.2666045e-02
   5.3048630e-02
   5.3422594e-02
   5.3797278e-02
   5.4164597e-02
   5.4533279e-02
   5.4907517e-02
   5.5283767e-02
   5.5665113e-02
   5.6047151e-02
   5.6432038e-02
   5.6808553e-02
   5.7172214e-02
   5.7515598e-02
   5.7842082e-02
   5.8156952e-02
   5.8474921e-02
   5.8794674e-02
   5.9112165e-02
   5.9423981e-02
   5.9733428e-02
   6.0035505e-02
   6.0327434e-02
   6.0600944e-02
   6.0853585e-02
   6.1096209e-02
   6.1327401e-02
   6.1555122e-02
   6.1777724e-02
   6.1999303e-02
   6.2226168e-02
   6.2453296e-02
   6.2683895e-02
   6.2911515e-02
   6.3133173e-02
   6.3346103e-02
   6.3536809e-02
   6.3709787e-02
   6.3869260e-02
   6.4009331e-02
   6.4140687e-02
   6.4268752e-02
   6.4387925e-02
   6.4498989e-02
   6.4604924e-02
   6.4700375e-02
   6.4784207e-02
   6.4855104e-02
   6.4912809e-02
   6.4971378e-02
   6.5030810e-02
   6.5095295e-02
   6.5170847e-02
   6.5250664e-02
   6.5325766e-02
   6.5408387e-02
   6.5496132e-02
   6.5586314e-02
   6.5680074e-02
   6.5772637e-02
   6.5873216e-02
   6.5991085e-02
   6.6116121e-02
   6.6246766e-02
   6.6381275e-02
   6.6511948e-02
   6.6635534e-02
   6.6753749e-02
   6.6870511e-02
   6.6983813e-02
   6.7090651e-02
   6.7191138e-02
   6.7284715e-02
   6.7371035e-02
   6.7451937e-02
   6.7532962e-02
   6.7624684e-02
   6.7740493e-02
   6.7859981e-02
   6.7976771e-02
   6.8090086e-02
   6.8193665e-02
   6.8295350e-02
   6.8380118e-02
   6.8454869e-02
   6.8536044e-02
   6.8621220e-02
   6.8711704e-02
   6.8816214e-02
   6.8927674e-02
   6.9042688e-02
   6.9149457e-02
   6.9243292e-02
   6.9323059e-02
   6.9397504e-02
   6.9466202e-02
   6.9536737e-02
   6.9613658e-02
   6.9694103e-02
   6.9777177e-02
   6.9859107e-02
   6.9931823e-02
   6.9987577e-02
   7.0011098e-02
   6.9996173e-02
   6.9936343e-02
   6.9839506e-02
   6.9716691e-02
   6.9580063e-02
   6.9441252e-02
   6.9306932e-02
   6.9185334e-02
   6.9075856e-02
   6.8972101e-02
   6.8870974e-02
   6.8765362e-02
   6.8647385e-02
   6.8507733e-02
   6.8345471e-02
   6.8163649e-02
   6.7968679e-02
   6.7758329e-02
   6.7532656e-02
   6.7292538e-02
   6.7032591e-02
   6.6750508e-02
   6.6444776e-02
   6.6117339e-02
   6.5769784e-02
   6.5402799e-02
   6.5022842e-02
   6.4627657e-02
   6.4219593e-02
   6.3795775e-02
   6.3356730e-02
   6.2894957e-02
   6.2408462e-02
   6.1899104e-02
   6.1369159e-02
   6.0826186e-02
   6.0278856e-02
   5.9726567e-02
   5.9170698e-02
   5.8605111e-02
   5.8022824e-02
   5.7419595e-02
   5.6800665e-02
   5.6171700e-02
   5.5542198e-02
   5.4915781e-02
   5.4301718e-02
   5.3699821e-02
   5.3104204e-02
   5.2513808e-02
   5.1921946e-02
   5.1318865e-02
   5.0703732e-02
   5.0081537e-02
   4.9459433e-02
   4.8844351e-02
   4.8242056e-02
   4.7661562e-02
   4.7104371e-02
   4.6573718e-02
   4.6063781e-02
   4.5563404e-02
   4.5062705e-02
   4.4552408e-02
   4.4027770e-02
   4.3495767e-02
   4.2967516e-02
   4.2450489e-02
   4.1948670e-02
   4.1467350e-02
   4.1010521e-02
   4.0575555e-02
   4.0159201e-02
   3.9760890e-02
   3.9381359e-02
   3.9019303e-02
   3.8679030e-02
   3.8362297e-02
   3.8068018e-02
   3.7788728e-02
   3.7522389e-02
   3.7268866e-02
   3.7030813e-02
   3.6807239e-02
   3.6600429e-02
   3.6410848e-02
   3.6239537e-02
   3.6088104e-02
   3.5950348e-02
   3.5827735e-02
   3.5716938e-02
   3.5615554e-02
   3.5522949e-02
   3.5434790e-02
   3.5354436e-02
   3.5284706e-02
   3.5228681e-02
   3.5192292e-02
   3.5182405e-02
   3.5197077e-02
   3.5231334e-02
   3.5278821e-02
   3.5336872e-02
   3.5404565e-02
   3.5478806e-02
   3.5554204e-02
   3.5627467e-02
   3.5698920e-02
   3.5764049e-02
   3.5820493e-02
   3.5873284e-02
   3.5929329e-02
   3.5991687e-02
   3.6059518e-02
   3.6133011e-02
   3.6210927e-02
   3.6293593e-02
   3.6377339e-02
   3.6453589e-02
   3.6523172e-02
   3.6588504e-02
   3.6653906e-02
   3.6715742e-02
   3.6777563e-02
   3.6838957e-02
   3.6904771e-02
   3.6971199e-02
   3.7038876e-02
   3.7106152e-02
   3.7169217e-02
   3.7225984e-02
   3.7277350e-02
   3.7330886e-02
   3.7392249e-02
   3.7454635e-02
   3.7510921e-02
   3.7557073e-02
   3.7589100e-02
   3.7610177e-02
   3.7627209e-02
   3.7643780e-02
   3.7669195e-02
   3.7707061e-02
   3.7753160e-02
   3.7808252e-02
   3.7865127e-02
   3.7923144e-02
   3.7985080e-02
   3.8047467e-02
   3.8114859e-02
   3.8185443e-02
   3.8259358e-02
   3.8341621e-02
   3.8435301e-02
   3.8543110e-02
   3.8657896e-02
   3.8776815e-02
   3.8892276e-02
   3.9007360e-02
   3.9122801e-02
   3.9245732e-02
   3.9383147e-02
   3.9529557e-02
   3.9689171e-02
   3.9852453e-02
   4.0016846e-02
   4.0180266e-02
   4.0331469e-02
   4.0480040e-02
   4.0620502e-02
   4.0754667e-02
   4.0892534e-02
   4.1029917e-02
   4.1152578e-02
   4.1269797e-02
   4.1387369e-02
   4.1496978e-02
   4.1603536e-02
   4.1705867e-02
   4.1800204e-02
   4.1893750e-02
   4.1979314e-02
   4.2052462e-02
   4.2123304e-02
   4.2177847e-02
   4.2203450e-02
   4.2208480e-02
   4.2194356e-02
   4.2168905e-02
   4.2129759e-02
   4.2071563e-02
   4.1995460e-02
   4.1898952e-02
   4.1781475e-02
   4.1646630e-02
   4.1496703e-02
   4.1333596e-02
   4.1165415e-02
   4.0992947e-02
   4.0814645e-02
   4.0632511e-02
   4.0440874e-02
   4.0235952e-02
   4.0013861e-02
   3.9771938e-02
   3.9510721e-02
   3.9232456e-02
   3.8941125e-02
   3.8650778e-02
   3.8348452e-02
   3.8036382e-02
   3.7712968e-02
   3.7377632e-02
   3.7038312e-02
   3.6701998e-02
   3.6369467e-02
   3.6025456e-02
   3.5675236e-02
   3.5314247e-02
   3.4936908e-02
   3.4542439e-02
   3.4143611e-02
   3.3740385e-02
   3.3333905e-02
   3.2922627e-02
   3.2506817e-02
   3.2094559e-02
   3.1679071e-02
   3.1248276e-02
   3.0806804e-02
   3.0361886e-02
   2.9910185e-02
   2.9458765e-02
   2.9006457e-02
   2.8567052e-02
   2.8150714e-02
   2.7735261e-02
   2.7316232e-02
   2.6896585e-02
   2.6471256e-02
   2.6031695e-02
   2.5584874e-02
   2.5137316e-02
   2.4698385e-02
   2.4269043e-02
   2.3856202e-02
   2.3447320e-02
   2.3047600e-02
   2.2656769e-02
   2.2268009e-02
   2.1875070e-02
   2.1483708e-02
   2.1094009e-02
   2.0706875e-02
   2.0325685e-02
   1.9949246e-02
   1.9585307e-02
   1.9234637e-02
   1.8907036e-02
   1.8588510e-02
   1.8273661e-02
   1.7957823e-02
   1.7645658e-02
   1.7331289e-02
   1.7014994e-02
   1.6702227e-02
   1.6391796e-02
   1.6070114e-02
   1.5748623e-02
   1.5428307e-02
   1.5111982e-02
   1.4806636e-02
   1.4514332e-02
   1.4223602e-02
   1.3928694e-02
   1.3624927e-02
   1.3316496e-02
   1.2992116e-02
   1.2664269e-02
   1.2341308e-02
   1.2018486e-02
   1.1695180e-02
   1.1375906e-02
   1.1059443e-02
   1.0740895e-02
   1.0423701e-02
   1.0109170e-02
   9.8004589e-03
   9.4923523e-03
   9.1910567e-03
   8.9013718e-03
   8.6256970e-03
   8.3607350e-03
   8.1077516e-03
   7.8611407e-03
   7.6178303e-03
   7.3784554e-03
   7.1381487e-03
   6.8965709e-03
   6.6567747e-03
   6.4239559e-03
   6.1955781e-03
   5.9742190e-03
   5.7646872e-03
   5.5724221e-03
   5.3993240e-03
   5.2454153e-03
   5.1066854e-03
   4.9726172e-03
   4.8394135e-03
   4.7052236e-03
   4.5709947e-03
   4.4407160e-03
   4.3165848e-03
   4.2050048e-03
   4.1031750e-03
   4.0107616e-03
   3.9277530e-03
   3.8572734e-03
   3.7960010e-03
   3.7389097e-03
   3.6802787e-03
   3.6187667e-03
   3.5579407e-03
   3.4965293e-03
   3.4360831e-03
   3.3835795e-03
   3.3421335e-03
   3.3098995e-03
   3.2869564e-03
   3.2696266e-03
   3.2586953e-03
   3.2496861e-03
   3.2405944e-03
   3.2293488e-03
   3.2162401e-03
   3.2028439e-03
   3.1886055e-03
   3.1740485e-03
   3.1597774e-03
   3.1436780e-03
   3.1302017e-03
   3.1235542e-03
   3.1252194e-03
   3.1302035e-03
   3.1378602e-03
   3.1441047e-03
   3.1472023e-03
   3.1453454e-03
   3.1382475e-03
   3.1238695e-03
   3.1077783e-03
   3.0924425e-03
   3.0802899e-03
   3.0738513e-03
   3.0769122e-03
   3.0854527e-03
   3.1026332e-03
   3.1299357e-03
   3.1671587e-03
   3.2133475e-03
   3.2680522e-03
   3.3302938e-03
   3.3977557e-03
   3.4662200e-03
   3.5362695e-03
   3.6097240e-03
   3.6884234e-03
   3.7738557e-03
   3.8675770e-03
   3.9673592e-03
   4.0786368e-03
   4.2004249e-03
   4.3323242e-03
   4.4779637e-03
   4.6341371e-03
   4.7957510e-03
   4.9626988e-03
   5.1322295e-03
   5.3057964e-03
   5.4828820e-03
   5.6617173e-03
   5.8420199e-03
   6.0210619e-03
   6.2004522e-03
   6.3791728e-03
   6.5577852e-03
   6.7404109e-03
   6.9284195e-03
   7.1303158e-03
   7.3474923e-03
   7.5782494e-03
   7.8196351e-03
   8.0685209e-03
   8.3245165e-03
   8.5901614e-03
   8.8660109e-03
   9.1535011e-03
   9.4533695e-03
   9.7668264e-03
   1.0092746e-02
   1.0432833e-02
   1.0787885e-02
   1.1158888e-02
   1.1546595e-02
   1.1947446e-02
   1.2359216e-02
   1.2781808e-02
   1.3215117e-02
   1.3660758e-02
   1.4120090e-02
   1.4596271e-02
   1.5089815e-02
   1.5601495e-02
   1.6131637e-02
   1.6680682e-02
   1.7246373e-02
   1.7830219e-02
   1.8435072e-02
   1.9059994e-02
   1.9701008e-02
   2.0360390e-02
   2.1036662e-02
   2.1728988e-02
   2.2438347e-02
   2.3166740e-02
   2.3908885e-02
   2.4665001e-02
   2.5435129e-02
   2.6217372e-02
   2.7008984e-02
   2.7809318e-02
   2.8622482e-02
   2.9450375e-02
   3.0292963e-02
   3.1151919e-02
   3.2027307e-02
   3.2916065e-02
   3.3811577e-02
   3.4708009e-02
   3.5610217e-02
   3.6524603e-02
   3.7467330e-02
   3.8444224e-02
   3.9465503e-02
   4.0517284e-02
   4.1595657e-02
   4.2695598e-02
   4.3810291e-02
   4.4912860e-02
   4.6026515e-02
   4.7148166e-02
   4.8257652e-02
   4.9352941e-02
   5.0455487e-02
   5.1575681e-02
   5.2727670e-02
   5.3920382e-02
   5.5153428e-02
   5.6402239e-02
   5.7653773e-02
   5.8908763e-02
   6.0174225e-02
   6.1455091e-02
   6.2752792e-02
   6.4066148e-02
   6.5395488e-02
   6.6741097e-02
   6.8100876e-02
   6.9472830e-02
   7.0857945e-02
   7.2252103e-02
   7.3653170e-02
   7.5057984e-02
   7.6468064e-02
   7.7884926e-02
   7.9306751e-02
   8.0733285e-02
   8.2164771e-02
   8.3602894e-02
   8.5048422e-02
   8.6498779e-02
   8.7954681e-02
   8.9413488e-02
   9.0875222e-02
   9.2336659e-02
   9.3798356e-02
   9.5258418e-02
   9.6719135e-02
   9.8178085e-02
   9.9634486e-02
   1.0109107e-01
   1.0254879e-01
   1.0400650e-01
   1.0546580e-01
   1.0692206e-01
   1.0837158e-01
   1.0981465e-01
   1.1124787e-01
   1.1266720e-01
   1.1407264e-01
   1.1546479e-01
   1.1684611e-01
   1.1821763e-01
   1.1957980e-01
   1.2093379e-01
   1.2228117e-01
   1.2362131e-01
   1.2494948e-01
   1.2626413e-01
   1.2756106e-01
   1.2884054e-01
   1.3010150e-01
   1.3134601e-01
   1.3257848e-01
   1.3379780e-01
   1.3500066e-01
   1.3618136e-01
   1.3734187e-01
   1.3848412e-01
   1.3960759e-01
   1.4071359e-01
   1.4180405e-01
   1.4287606e-01
   1.4392724e-01
   1.4495707e-01
   1.4596395e-01
   1.4694722e-01
   1.4790714e-01
   1.4884402e-01
   1.4975736e-01
   1.5064766e-01
   1.5151260e-01
   1.5235275e-01
   1.5316985e-01
   1.5396361e-01
   1.5473349e-01
   1.5547702e-01
   1.5619340e-01
   1.5688358e-01
   1.5754343e-01
   1.5817319e-01
   1.5877264e-01
   1.5933896e-01
   1.5987020e-01
   1.6036786e-01
   1.6083205e-01
   1.6126559e-01
   1.6166577e-01
   1.6203144e-01
   1.6235981e-01
   1.6264769e-01
   1.6289381e-01
   1.6310007e-01
   1.6326937e-01
   1.6340207e-01
   1.6350101e-01
   1.6356794e-01
   1.6360016e-01
   1.6359603e-01
   1.6355541e-01
   1.6347726e-01
   1.6335837e-01
   1.6320123e-01
   1.6300878e-01
   1.6278330e-01
   1.6252628e-01
   1.6223680e-01
   1.6191993e-01
   1.6156792e-01
   1.6118519e-01
   1.6077016e-01
   1.6032115e-01
   1.5983955e-01
   1.5932647e-01
   1.5877845e-01
   1.5820025e-01
   1.5759283e-01
   1.5695900e-01
   1.5629942e-01
   1.5561362e-01
   1.5490102e-01
   1.5416306e-01
   1.5340304e-01
   1.5262189e-01
   1.5181873e-01
   1.5099170e-01
   1.5013922e-01
   1.4926360e-01
   1.4836744e-01
   1.4745405e-01
   1.4652609e-01
   1.4558260e-01
   1.4462289e-01
   1.4364965e-01
   1.4265855e-01
   1.4165046e-01
   1.4062774e-01
   1.3959039e-01
   1.3853989e-01
   1.3747975e-01
   1.3640754e-01
   1.3532359e-01
   1.3422730e-01
   1.3312030e-01
   1.3200649e-01
   1.3088830e-01
   1.2976258e-01
   1.2863131e-01
   1.2749356e-01
   1.2635259e-01
   1.2520647e-01
   1.2405509e-01
   1.2289945e-01
   1.2173874e-01
   1.2057445e-01
   1.1940706e-01
   1.1823615e-01
   1.1706667e-01
   1.1589912e-01
   1.1473605e-01
   1.1357375e-01
   1.1241369e-01
   1.1125657e-01
   1.1009797e-01
   1.0893784e-01
   1.0777750e-01
   1.0661328e-01
   1.0545124e-01
   1.0429187e-01
   1.0313877e-01
   1.0199434e-01
   1.0085849e-01
   9.9729615e-02
   9.8608899e-02
   9.7495016e-02
   9.6385911e-02
   9.5278873e-02
   9.4176140e-02
   9.3075806e-02
   9.1980845e-02
   9.0890213e-02
   8.9807103e-02
   8.8729586e-02
   8.7659664e-02
   8.6599866e-02
   8.5550398e-02
   8.4511183e-02
   8.3482755e-02
   8.2463098e-02
   8.1449203e-02
   8.0439724e-02
   7.9436318e-02
   7.8441801e-02
   7.7458414e-02
   7.6485882e-02
   7.5523502e-02
   7.4571770e-02
   7.3631210e-02
   7.2699222e-02
   7.1776766e-02
   7.0862873e-02
   6.9956778e-02
   6.9059739e-02
   6.8175158e-02
   6.7302448e-02
   6.6441269e-02
   6.5591206e-02
   6.4756887e-02
   6.3935701e-02
   6.3128690e-02
   6.2332532e-02
   6.1545507e-02
   6.0768404e-02
   6.0003813e-02
   5.9253844e-02
   5.8520352e-02
   5.7801224e-02
   5.7095004e-02
   5.6403309e-02
   5.5726559e-02
   5.5062054e-02
   5.4409928e-02
   5.3767651e-02
   5.3133027e-02
   5.2504923e-02
   5.1886761e-02
   5.1276595e-02
   5.0676993e-02
   5.0088238e-02
   4.9515146e-02
   4.8958551e-02
   4.8421215e-02
   4.7901360e-02
   4.7397880e-02
   4.6906280e-02
   4.6427552e-02
   4.5958209e-02
   4.5498070e-02
   4.5045412e-02
   4.4602079e-02
   4.4167093e-02
   4.3741755e-02
   4.3327090e-02
   4.2926186e-02
   4.2537771e-02
   4.2163572e-02
   4.1805821e-02
   4.1467745e-02
   4.1148160e-02
   4.0844168e-02
   4.0552622e-02
   4.0269299e-02
   3.9992217e-02
   3.9719520e-02
   3.9450115e-02
   3.9188265e-02
   3.8936745e-02
   3.8699070e-02
   3.8477749e-02
   3.8275137e-02
   3.8087853e-02
   3.7916076e-02
   3.7756593e-02
   3.7610179e-02
   3.7470316e-02
   3.7337432e-02
   3.7213075e-02
   3.7096528e-02
   3.6988271e-02
   3.6891169e-02
   3.6801722e-02
   3.6722586e-02
   3.6651057e-02
   3.6587852e-02
   3.6532600e-02
   3.6484754e-02
   3.6447847e-02
   3.6422799e-02
   3.6410961e-02
   3.6410191e-02
   3.6417440e-02
   3.6429308e-02
   3.6442463e-02
   3.6457944e-02
   3.6474517e-02
   3.6496279e-02
   3.6523982e-02
   3.6560318e-02
   3.6603450e-02
   3.6653540e-02
   3.6711297e-02
   3.6775629e-02
   3.6843007e-02
   3.6914281e-02
   3.6991951e-02
   3.7074189e-02
   3.7155682e-02
   3.7237490e-02
   3.7315874e-02
   3.7393303e-02
   3.7469468e-02
   3.7552003e-02
   3.7636365e-02
   3.7727998e-02
   3.7825391e-02
   3.7928586e-02
   3.8036424e-02
   3.8143371e-02
   3.8247471e-02
   3.8347336e-02
   3.8442786e-02
   3.8533059e-02
   3.8614610e-02
   3.8690574e-02
   3.8759858e-02
   3.8826861e-02
   3.8893895e-02
   3.8961809e-02
   3.9032236e-02
   3.9107751e-02
   3.9186337e-02
   3.9266671e-02
   3.9343602e-02
   3.9420784e-02
   3.9494549e-02
   3.9560918e-02
   3.9618141e-02
   3.9667542e-02
   3.9710734e-02
   3.9748364e-02
   3.9779934e-02
   3.9807714e-02
   3.9830070e-02
   3.9852842e-02
   3.9874244e-02
   3.9896398e-02
   3.9916882e-02
   3.9937188e-02
   3.9953553e-02
   3.9965415e-02
   3.9968839e-02
   3.9965285e-02
   3.9949561e-02
   3.9925644e-02
   3.9900233e-02
   3.9875409e-02
   3.9850136e-02
   3.9824729e-02
   3.9795000e-02
   3.9760136e-02
   3.9722295e-02
   3.9683177e-02
   3.9637109e-02
   3.9585591e-02
   3.9526614e-02
   3.9460618e-02
   3.9387047e-02
   3.9309219e-02
   3.9230439e-02
   3.9152080e-02
   3.9071980e-02
   3.8988352e-02
   3.8903532e-02
   3.8815058e-02
   3.8725042e-02
   3.8632845e-02
   3.8534453e-02
   3.8429146e-02
   3.8314507e-02
   3.8186589e-02
   3.8052065e-02
   3.7909302e-02
   3.7765546e-02
   3.7626154e-02
   3.7489723e-02
   3.7356114e-02
   3.7226688e-02
   3.7098367e-02
   3.6971252e-02
   3.6840412e-02
   3.6701990e-02
   3.6553450e-02
   3.6400374e-02
   3.6239011e-02
   3.6072012e-02
   3.5902158e-02
   3.5727950e-02
   3.5552555e-02
   3.5375338e-02
   3.5193175e-02
   3.5004944e-02
   3.4816871e-02
   3.4631513e-02
   3.4451423e-02
   3.4272283e-02
   3.4089361e-02
   3.3898752e-02
   3.3701810e-02
   3.3496882e-02
   3.3285938e-02
   3.3070134e-02
   3.2851559e-02
   3.2627974e-02
   3.2400547e-02
   3.2170197e-02
   3.1936099e-02
   3.1700916e-02
   3.1464888e-02
   3.1223352e-02
   3.0978874e-02
   3.0731233e-02
   3.0479671e-02
   3.0224174e-02
   2.9963182e-02
   2.9696177e-02
   2.9426109e-02
   2.9151103e-02
   2.8880833e-02
   2.8609756e-02
   2.8341774e-02
   2.8073454e-02
   2.7806748e-02
   2.7539167e-02
   2.7271997e-02
   2.7002925e-02
   2.6734962e-02
   2.6464474e-02
   2.6193386e-02
   2.5915339e-02
   2.5635342e-02
   2.5352831e-02
   2.5067983e-02
   2.4787772e-02
   2.4517201e-02
   2.4253461e-02
   2.4001726e-02
   2.3755839e-02
   2.3516298e-02
   2.3280126e-02
   2.3046559e-02
   2.2808961e-02
   2.2562177e-02
   2.2310078e-02
   2.2062096e-02
   2.1819637e-02
   2.1583006e-02
   2.1351399e-02
   2.1124178e-02
   2.0901908e-02
   2.0684810e-02
   2.0465943e-02
   2.0248741e-02
   2.0032458e-02
   1.9822983e-02
   1.9622526e-02
   1.9427494e-02
   1.9233714e-02
   1.9039975e-02
   1.8836836e-02
   1.8631226e-02
   1.8422896e-02
   1.8216820e-02
   1.8013813e-02
   1.7815202e-02
   1.7620729e-02
   1.7431030e-02
   1.7242325e-02
   1.7056898e-02
   1.6870500e-02
   1.6683601e-02
   1.6496175e-02
   1.6305116e-02
   1.6112646e-02
   1.5922553e-02
   1.5735841e-02
   1.5552608e-02
   1.5369569e-02
   1.5187421e-02
   1.5007469e-02
   1.4828400e-02
   1.4654896e-02
   1.4490318e-02
   1.4331661e-02
   1.4181928e-02
   1.4039773e-02
   1.3902790e-02
   1.3769692e-02
   1.3638373e-02
   1.3509030e-02
   1.3383881e-02
   1.3267721e-02
   1.3164344e-02
   1.3072888e-02
   1.2986806e-02
   1.2901232e-02
   1.2816114e-02
   1.2728835e-02
   1.2640270e-02
   1.2551661e-02
   1.2467558e-02
   1.2387077e-02
   1.2310331e-02
   1.2237136e-02
   1.2167323e-02
   1.2096057e-02
   1.2019838e-02
   1.1938298e-02
   1.1854479e-02
   1.1768348e-02
   1.1684743e-02
   1.1605851e-02
   1.1534328e-02
   1.1469522e-02
   1.1408684e-02
   1.1350345e-02
   1.1293833e-02
   1.1235815e-02
   1.1175297e-02
   1.1109822e-02
   1.1038979e-02
   1.0962968e-02
   1.0885490e-02
   1.0809718e-02
   1.0741448e-02
   1.0682844e-02
   1.0633409e-02
   1.0587944e-02
   1.0543238e-02
   1.0494278e-02
   1.0440038e-02
   1.0379179e-02
   1.0312870e-02
   1.0245067e-02
   1.0179934e-02
   1.0118125e-02
   1.0065268e-02
   1.0019530e-02
   9.9833099e-03
   9.9542579e-03
   9.9309976e-03
   9.9086102e-03
   9.8854703e-03
   9.8561529e-03
   9.8198699e-03
   9.7746485e-03
   9.7255245e-03
   9.6768687e-03
   9.6367195e-03
   9.6055578e-03
   9.5847671e-03
   9.5729244e-03
   9.5671233e-03
   9.5648625e-03
   9.5637521e-03
   9.5623447e-03
   9.5616801e-03
   9.5615321e-03
   9.5623787e-03
   9.5632675e-03
   9.5668534e-03
   9.5748343e-03
   9.5889496e-03
   9.6107816e-03
   9.6421094e-03
   9.6823716e-03
   9.7330442e-03
   9.7886299e-03
   9.8453813e-03
   9.8984173e-03
   9.9461012e-03
   9.9853287e-03
   1.0016286e-02
   1.0039140e-02
   1.0058457e-02
   1.0076600e-02
   1.0099586e-02
   1.0127626e-02
   1.0164696e-02
   1.0213101e-02
   1.0273033e-02
   1.0338837e-02
   1.0409212e-02
   1.0476476e-02
   1.0536041e-02
   1.0584335e-02
   1.0631278e-02
   1.0673156e-02
   1.0717282e-02
   1.0765527e-02
   1.0822078e-02
   1.0887515e-02
   1.0964915e-02
   1.1049546e-02
   1.1141843e-02
   1.1237710e-02
   1.1338635e-02
   1.1444654e-02
   1.1557604e-02
   1.1676581e-02
   1.1802452e-02
   1.1934079e-02
   1.2070363e-02
   1.2206902e-02
   1.2343184e-02
   1.2477103e-02
   1.2611048e-02
   1.2748100e-02
   1.2890635e-02
   1.3039044e-02
   1.3192594e-02
   1.3350005e-02
   1.3509639e-02
   1.3667759e-02
   1.3823866e-02
   1.3976864e-02
   1.4127748e-02
   1.4277523e-02
   1.4427369e-02
   1.4577787e-02
   1.4730428e-02
   1.4886982e-02
   1.5050210e-02
   1.5218438e-02
   1.5391374e-02
   1.5565180e-02
   1.5738037e-02
   1.5907231e-02
   1.6071522e-02
   1.6228134e-02
   1.6379317e-02
   1.6525769e-02
   1.6669348e-02
   1.6811017e-02
   1.6953655e-02
   1.7096700e-02
   1.7242747e-02
   1.7390182e-02
   1.7538778e-02
   1.7687312e-02
   1.7838353e-02
   1.7989387e-02
   1.8142934e-02
   1.8296404e-02
   1.8449218e-02
   1.8598384e-02
   1.8741637e-02
   1.8875383e-02
   1.9002336e-02
   1.9124386e-02
   1.9246883e-02
   1.9370582e-02
   1.9496974e-02
   1.9625566e-02
   1.9754014e-02
   1.9881021e-02
   2.0005774e-02
   2.0122793e-02
   2.0230776e-02
   2.0327077e-02
   2.0410534e-02
   2.0483779e-02
   2.0551612e-02
   2.0618960e-02
   2.0691301e-02
   2.0768013e-02
   2.0847283e-02
   2.0926795e-02
   2.1003011e-02
   2.1069277e-02
   2.1126473e-02
   2.1172309e-02
   2.1208006e-02
   2.1232732e-02
   2.1249528e-02
   2.1257429e-02
   2.1257029e-02
   2.1246652e-02
   2.1227171e-02
   2.1196522e-02
   2.1156609e-02
   2.1109510e-02
   2.1057331e-02
   2.1000238e-02
   2.0940485e-02
   2.0876385e-02
   2.0805793e-02
   2.0729161e-02
   2.0647337e-02
   2.0561588e-02
   2.0473905e-02
   2.0382124e-02
   2.0284900e-02
   2.0179168e-02
   2.0062286e-02
   1.9933078e-02
   1.9792421e-02
   1.9641780e-02
   1.9484164e-02
   1.9320675e-02
   1.9149804e-02
   1.8970132e-02
   1.8782070e-02
   1.8587389e-02
   1.8387657e-02
   1.8182778e-02
   1.7975801e-02
   1.7766575e-02
   1.7556733e-02
   1.7345413e-02
   1.7133944e-02
   1.6920386e-02
   1.6699658e-02
   1.6470220e-02
   1.6230698e-02
   1.5981366e-02
   1.5726073e-02
   1.5466753e-02
   1.5206047e-02
   1.4944042e-02
   1.4681778e-02
   1.4417399e-02
   1.4150532e-02
   1.3876824e-02
   1.3597757e-02
   1.3312209e-02
   1.3023049e-02
   1.2730677e-02
   1.2435410e-02
   1.2136122e-02
   1.1832279e-02
   1.1527195e-02
   1.1223548e-02
   1.0921901e-02
   1.0618402e-02
   1.0310500e-02
   1.0000861e-02
   9.6873208e-03
   9.3662099e-03
   9.0453864e-03
   8.7251415e-03
   8.4052431e-03
   8.0834968e-03
   7.7589215e-03
   7.4356018e-03
   7.1137586e-03
   6.7886336e-03
   6.4618639e-03
   6.1374341e-03
   5.8143894e-03
   5.4927696e-03
   5.1699753e-03
   4.8478687e-03
   4.5265427e-03
   4.2076851e-03
   3.8896525e-03
   3.5756384e-03
   3.2663203e-03
   2.9643157e-03
   2.6700797e-03
   2.3815551e-03
   2.0987109e-03
   1.8221056e-03
   1.5502532e-03
   1.2851250e-03
   1.0269065e-03
   7.7629536e-04
   5.3190786e-04
   2.9477781e-04
   6.4778772e-05
  -1.5680110e-04
  -3.7257676e-04
  -5.8090804e-04
  -7.7978308e-04
  -9.6766975e-04
  -1.1463907e-03
  -1.3183268e-03
  -1.4800045e-03
  -1.6329219e-03
  -1.7781005e-03
  -1.9157252e-03
  -2.0491486e-03
  -2.1760532e-03
  -2.2930851e-03
  -2.4005684e-03
  -2.4987939e-03
  -2.5894982e-03
  -2.6706056e-03
  -2.7386736e-03
  -2.7999167e-03
  -2.8538500e-03
  -2.8997081e-03
  -2.9392072e-03
  -2.9727592e-03
  -3.0016718e-03
  -3.0247673e-03
  -3.0371767e-03
  -3.0382043e-03
  -3.0307209e-03
  -3.0175050e-03
  -2.9979855e-03
  -2.9743219e-03
  -2.9451465e-03
  -2.9097506e-03
  -2.8672689e-03
  -2.8184862e-03
  -2.7647106e-03
  -2.7045047e-03
  -2.6352032e-03
  -2.5617939e-03
  -2.4862678e-03
  -2.4033003e-03
  -2.3144453e-03
  -2.2214636e-03
  -2.1208415e-03
  -2.0156919e-03
  -1.9072301e-03
  -1.7940925e-03
  -1.6785367e-03
  -1.5596112e-03
  -1.4386022e-03
  -1.3181723e-03
  -1.1955368e-03
  -1.0678136e-03
  -9.3372622e-04
  -7.9504050e-04
  -6.5216366e-04
  -5.0761247e-04
  -3.6334052e-04
  -2.1957169e-04
  -7.4664042e-05
   7.3025372e-05
   2.2539075e-04
   3.7752755e-04
   5.2852389e-04
   6.8039290e-04
   8.3170218e-04
   9.8389858e-04
   1.1359151e-03
   1.2895065e-03
   1.4442678e-03
   1.5977179e-03
   1.7487200e-03
   1.8959794e-03
   2.0415816e-03
   2.1843780e-03
   2.3259770e-03
   2.4668698e-03
   2.6074786e-03
   2.7449850e-03
   2.8796841e-03
   3.0128832e-03
   3.1469420e-03
   3.2815200e-03
   3.4141079e-03
   3.5446175e-03
   3.6742608e-03
   3.8020451e-03
   3.9250322e-03
   4.0446621e-03
   4.1599596e-03
   4.2711537e-03
   4.3782975e-03
   4.4834104e-03
   4.5864925e-03
   4.6856527e-03
   4.7830735e-03
   4.8787009e-03
   4.9719737e-03
   5.0620896e-03
   5.1510666e-03
   5.2382180e-03
   5.3224019e-03
   5.4011014e-03
   5.4743325e-03
   5.5453785e-03
   5.6135192e-03
   5.6786028e-03
   5.7409599e-03
   5.7992034e-03
   5.8556979e-03
   5.9086945e-03
   5.9587276e-03
   6.0051730e-03
   6.0469948e-03
   6.0850334e-03
   6.1192589e-03
   6.1502162e-03
   6.1795158e-03
   6.2074158e-03
   6.2345529e-03
   6.2597287e-03
   6.2813926e-03
   6.2988441e-03
   6.3115287e-03
   6.3195253e-03
   6.3229530e-03
   6.3237447e-03
   6.3226089e-03
   6.3204723e-03
   6.3176977e-03
   6.3147226e-03
   6.3110159e-03
   6.3066566e-03
   6.3003936e-03
   6.2920875e-03
   6.2811068e-03
   6.2667491e-03
   6.2488947e-03
   6.2270808e-03
   6.2024641e-03
   6.1762320e-03
   6.1490614e-03
   6.1222598e-03
   6.0960129e-03
   6.0689760e-03
   6.0403456e-03
   6.0099224e-03
   5.9778496e-03
   5.9433072e-03
   5.9056747e-03
   5.8666257e-03
   5.8275861e-03
   5.7886696e-03
   5.7483835e-03
   5.7072556e-03
   5.6648988e-03
   5.6210226e-03
   5.5748049e-03
   5.5269838e-03
   5.4783422e-03
   5.4291327e-03
   5.3793998e-03
   5.3294523e-03
   5.2791681e-03
   5.2276612e-03
   5.1754712e-03
   5.1235303e-03
   5.0705220e-03
   5.0162539e-03
   4.9607953e-03
   4.9044161e-03
   4.8469251e-03
   4.7888013e-03
   4.7313834e-03
   4.6745201e-03
   4.6179260e-03
   4.5617523e-03
   4.5050396e-03
   4.4473468e-03
   4.3896394e-03
   4.3317977e-03
   4.2737812e-03
   4.2157514e-03
   4.1575968e-03
   4.0990163e-03
   4.0403751e-03
   3.9813800e-03
   3.9218959e-03
   3.8625164e-03
   3.8036031e-03
   3.7455131e-03
   3.6880645e-03
   3.6310238e-03
   3.5741709e-03
   3.5170052e-03
   3.4603077e-03
   3.4043497e-03
   3.3486726e-03
   3.2930487e-03
   3.2369574e-03
   3.1798985e-03
   3.1227748e-03
   3.0653929e-03
   3.0088031e-03
   2.9530132e-03
   2.8979417e-03
   2.8438560e-03
   2.7893463e-03
   2.7339945e-03
   2.6777571e-03
   2.6211177e-03
   2.5638906e-03
   2.5062453e-03
   2.4484124e-03
   2.3910167e-03
   2.3341559e-03
   2.2782816e-03
   2.2224324e-03
   2.1653371e-03
   2.1082493e-03
   2.0517353e-03
   1.9960009e-03
   1.9411826e-03
   1.8868999e-03
   1.8336168e-03
   1.7816708e-03
   1.7300037e-03
   1.6788589e-03
   1.6281521e-03
   1.5782053e-03
   1.5297061e-03
   1.4825822e-03
   1.4360910e-03
   1.3898861e-03
   1.3439777e-03
   1.2984601e-03
   1.2536629e-03
   1.2107580e-03
   1.1701777e-03
   1.1311464e-03
   1.0931024e-03
   1.0554713e-03
   1.0177563e-03
   9.8006506e-04
   9.4358992e-04
   9.0788417e-04
   8.7340331e-04
   8.4017290e-04
   8.0827435e-04
   7.7686554e-04
   7.4575748e-04
   7.1584536e-04
   6.8740076e-04
   6.6081672e-04
   6.3601908e-04
   6.1227281e-04
   5.8929496e-04
   5.6691771e-04
   5.4478894e-04
   5.2344417e-04
   5.0358791e-04
   4.8550430e-04
   4.6904798e-04
   4.5254190e-04
   4.3671504e-04
   4.2177813e-04
   4.0781782e-04
   3.9306081e-04
   3.7854511e-04
   3.6437920e-04
   3.4946605e-04
   3.3416721e-04
   3.1869342e-04
   3.0152727e-04
   2.8368064e-04
   2.6669397e-04
   2.4976181e-04
   2.3309491e-04
   2.1554379e-04
   1.9688557e-04
   1.7766734e-04
   1.6085170e-04
   1.4747954e-04
   1.3653958e-04
   1.2714158e-04
   1.2150415e-04
   1.1963187e-04
   1.1872571e-04
   1.1518035e-04
   1.1218681e-04
   1.0486550e-04
   9.2666942e-05
   7.7926266e-05
   6.3580342e-05
   5.0190552e-05
   4.1476290e-05
   3.9206486e-05
   4.0606684e-05
   4.1929460e-05
   4.0127111e-05
   3.7725016e-05
   3.6026801e-05
   3.5664342e-05
   3.6637346e-05
   3.9079134e-05
   4.2872737e-05
   4.7885142e-05
   5.4122758e-05
   6.1388824e-05
   6.9530304e-05
   7.8464716e-05
   8.7861176e-05
   9.7060683e-05
   1.0634448e-04
   1.1680340e-04
   1.2799920e-04
   1.3979682e-04
   1.5250708e-04
   1.6599198e-04
   1.7942561e-04
   1.9264902e-04
   2.0561063e-04
   2.1903289e-04
   2.3206733e-04
   2.4493748e-04
   2.5707687e-04
   2.6880677e-04
   2.8054643e-04
   2.9257408e-04
   3.0514412e-04
   3.1816944e-04
   3.3199288e-04
   3.4629247e-04
   3.6058248e-04
   3.7476185e-04
   3.8838511e-04
   4.0102707e-04
   4.1322141e-04
   4.2554768e-04
   4.3821417e-04
   4.5147769e-04
   4.6517156e-04
   4.7853803e-04
   4.9147832e-04
   5.0326742e-04
   5.1445970e-04
   5.2481847e-04
   5.3495432e-04
   5.4478757e-04
   5.5446712e-04
   5.6422881e-04
   5.7417533e-04
   5.8385979e-04
   5.9307495e-04
   6.0193704e-04
   6.1055183e-04
   6.1890064e-04
   6.2700525e-04
   6.3467171e-04
   6.4232083e-04
   6.5007651e-04
   6.5773996e-04
   6.6510751e-04
   6.7195026e-04
   6.7842767e-04
   6.8455424e-04
   6.9029862e-04
   6.9551904e-04
   7.0058207e-04
   7.0568312e-04
   7.1118645e-04
   7.1646656e-04
   7.2169661e-04
   7.2682618e-04
   7.3139786e-04
   7.3539361e-04
   7.3877096e-04
   7.4184762e-04
   7.4476425e-04
   7.4746865e-04
   7.5043089e-04
   7.5363046e-04
   7.5696420e-04
   7.6019524e-04
   7.6270101e-04
   7.6452085e-04
   7.6553673e-04
   7.6571417e-04
   7.6497023e-04
   7.6338706e-04
   7.6146113e-04
   7.5980936e-04
   7.5811507e-04
   7.5622667e-04
   7.5420836e-04
   7.5177984e-04
   7.4833873e-04
   7.4437681e-04
   7.3987085e-04
   7.3488119e-04
   7.2961320e-04
   7.2394095e-04
   7.1794504e-04
   7.1164904e-04
   7.0499677e-04
   6.9799943e-04
   6.9091942e-04
   6.8396897e-04
   6.7683505e-04
   6.6913211e-04
   6.6070560e-04
   6.5182638e-04
   6.4221805e-04
   6.3213912e-04
   6.2210022e-04
   6.1255936e-04
   6.0310904e-04
   5.9366229e-04
   5.8401247e-04
   5.7414852e-04
   5.6398722e-04
   5.5349237e-04
   5.4255561e-04
   5.3122042e-04
   5.1931744e-04
   5.0693473e-04
   4.9435962e-04
   4.8180511e-04
   4.6929241e-04
   4.5714028e-04
   4.4542222e-04
   4.3396451e-04
   4.2251204e-04
   4.1103299e-04
   3.9936020e-04
   3.8743357e-04
   3.7515321e-04
   3.6245247e-04
   3.4942261e-04
   3.3647979e-04
   3.2399415e-04
   3.1190242e-04
   3.0020010e-04
   2.8895941e-04
   2.7751576e-04
   2.6554011e-04
   2.5322218e-04
   2.4093402e-04
   2.2852043e-04
   2.1634184e-04
   2.0435944e-04
   1.9258815e-04
   1.8107936e-04
   1.6947307e-04
   1.5768795e-04
   1.4571904e-04
   1.3358244e-04
   1.2148425e-04
   1.0927011e-04
   9.6949597e-05
   8.4763671e-05
   7.3133832e-05
   6.2132710e-05
   5.1697363e-05
   4.1600448e-05
   3.1735789e-05
   2.1980549e-05
   1.2191798e-05
   2.2961583e-06
  -7.4613212e-06
  -1.7266165e-05
  -2.6910507e-05
  -3.6223701e-05
  -4.4881284e-05
  -5.3142302e-05
  -6.1156934e-05
  -6.8898218e-05
  -7.6292462e-05
  -8.3420482e-05
  -9.0118203e-05
  -9.6344366e-05
  -1.0217113e-04
  -1.0776695e-04
  -1.1347840e-04
  -1.1911725e-04
  -1.2420962e-04
  -1.2878160e-04
  -1.3258263e-04
  -1.3571924e-04
  -1.3818337e-04
  -1.4021417e-04
  -1.4210902e-04
  -1.4412267e-04
  -1.4606392e-04
  -1.4801798e-04
  -1.4978543e-04
  -1.5137685e-04
  -1.5279536e-04
  -1.5387628e-04
  -1.5484785e-04
  -1.5570880e-04
  -1.5635255e-04
  -1.5639890e-04
  -1.5595508e-04
  -1.5523680e-04
  -1.5390022e-04
  -1.5202292e-04
  -1.4978183e-04
  -1.4730040e-04
  -1.4441710e-04
  -1.4127133e-04
  -1.3797383e-04
  -1.3473180e-04
  -1.3133145e-04
  -1.2828791e-04
  -1.2558934e-04
  -1.2325360e-04
  -1.2102924e-04
  -1.1827960e-04
  -1.1470943e-04
  -1.1053870e-04
  -1.0559989e-04
  -1.0042936e-04
  -9.5091250e-05
  -8.9978213e-05
  -8.5126319e-05
  -8.0435065e-05
  -7.5908415e-05
  -7.1654789e-05
  -6.7656266e-05
  -6.3397271e-05
  -5.8644992e-05
  -5.3484168e-05
  -4.7759129e-05
  -4.2029223e-05
  -3.6424870e-05
  -3.1124176e-05
  -2.5750281e-05
  -2.0262103e-05
  -1.4677888e-05
  -9.0802036e-06
  -3.5091787e-06
   2.0594270e-06
   7.4449365e-06
   1.2392454e-05
   1.6872627e-05
   2.1070490e-05
   2.5112691e-05
   2.9426144e-05
   3.4153910e-05
   3.9275478e-05
   4.4879923e-05
   5.0723183e-05
   5.6370286e-05
   6.1801390e-05
   6.6685389e-05
   7.0993994e-05
   7.4809756e-05
   7.8431763e-05
   8.1859013e-05
   8.5265471e-05
   8.8552956e-05
   9.1859260e-05
   9.5196295e-05
   9.8721900e-05
   1.0230904e-04
   1.0553971e-04
   1.0861210e-04
   1.1183454e-04
   1.1496130e-04
   1.1766617e-04
   1.2006550e-04
   1.2228065e-04
   1.2438249e-04
   1.2629358e-04
   1.2816248e-04
   1.2979692e-04
   1.3139876e-04
   1.3294548e-04
   1.3433898e-04
   1.3572690e-04
   1.3740208e-04
   1.3948454e-04
   1.4192035e-04
   1.4440758e-04
   1.4661924e-04
   1.4853608e-04
   1.5020314e-04
   1.5178944e-04
   1.5328896e-04
   1.5462831e-04
   1.5577070e-04
   1.5716909e-04
   1.5888502e-04
   1.6052040e-04
   1.6202038e-04
   1.6353478e-04
   1.6491345e-04
   1.6658563e-04
   1.6857932e-04
   1.7052086e-04
   1.7205592e-04
   1.7304563e-04
   1.7397286e-04
   1.7460137e-04
   1.7505870e-04
   1.7552960e-04
   1.7635039e-04
   1.7751872e-04
   1.7859565e-04
   1.7944501e-04
   1.7979611e-04
   1.7991851e-04
   1.8002204e-04
   1.7998761e-04
   1.7953705e-04
   1.7906354e-04
   1.7879729e-04
   1.7875280e-04
   1.7907998e-04
   1.7971435e-04
   1.8048227e-04
   1.8114114e-04
   1.8144608e-04
   1.8148050e-04
   1.8111535e-04
   1.8036252e-04
   1.7971216e-04
   1.7932472e-04
   1.7906945e-04
   1.7900361e-04
   1.7932899e-04
   1.7994144e-04
   1.8059679e-04
   1.8121327e-04
   1.8162003e-04
   1.8182693e-04
   1.8167906e-04
   1.8124004e-04
   1.8047000e-04
   1.7950042e-04
   1.7830204e-04
   1.7696833e-04
   1.7548434e-04
   1.7398379e-04
   1.7261026e-04
   1.7138486e-04
   1.7023433e-04
   1.6895716e-04
   1.6762968e-04
   1.6607036e-04
   1.6417755e-04
   1.6184089e-04
   1.5918810e-04
   1.5645501e-04
   1.5387765e-04
   1.5128387e-04
   1.4858444e-04
   1.4580383e-04
   1.4302766e-04
   1.4014785e-04
   1.3737366e-04
   1.3464240e-04
   1.3195040e-04
   1.2905626e-04
   1.2622286e-04
   1.2330731e-04
   1.2036579e-04
   1.1727479e-04
   1.1401310e-04
   1.1071694e-04
   1.0746924e-04
   1.0421651e-04
   1.0092861e-04
   9.7677520e-05
   9.4610167e-05
   9.1744589e-05
   8.8724553e-05
   8.5564445e-05
   8.2568070e-05
   7.9580657e-05
   7.6673899e-05
   7.3717182e-05
   7.1055726e-05
   6.8712235e-05
   6.6498796e-05
   6.4203156e-05
   6.2285694e-05
   6.0430622e-05
   5.8646399e-05
   5.6954582e-05
   5.5454215e-05
   5.3638317e-05
   5.1585013e-05
   4.9428117e-05
   4.7381163e-05
   4.5461255e-05
   4.3741795e-05
   4.2156733e-05
   4.0624930e-05
   3.9264496e-05
   3.8059214e-05
   3.6858845e-05
   3.5585460e-05
   3.4393898e-05
   3.3325192e-05
   3.2160756e-05
   3.1128878e-05
   3.0210058e-05
   2.9513186e-05
   2.8884434e-05
   2.8165983e-05
   2.7448349e-05
   2.6806454e-05
   2.6171281e-05
   2.5533813e-05
   2.4800622e-05
   2.4026776e-05
   2.3256823e-05
   2.2682516e-05
   2.2155701e-05
   2.1749233e-05
   2.1524411e-05
   2.1416824e-05
   2.1359200e-05
   2.1268806e-05
   2.0952762e-05
   2.0645015e-05
   2.0302757e-05
   2.0049970e-05
   1.9768714e-05
   1.9470630e-05
   1.9265109e-05
   1.9023230e-05
   1.8879090e-05
   1.8781855e-05
   1.8719875e-05
   1.8712683e-05
   1.8654873e-05
   1.8557042e-05
   1.8347440e-05
   1.8203277e-05
   1.8075714e-05
   1.8046238e-05
   1.8078495e-05
   1.8143628e-05
   1.8199115e-05
   1.8424668e-05
   1.8650340e-05
   1.8950352e-05
   1.9212775e-05
   1.9455060e-05
   1.9666489e-05
   1.9924090e-05
   2.0131829e-05
   2.0367539e-05
   2.0622439e-05
   2.0879573e-05
   2.1288911e-05
   2.1787022e-05
   2.2506634e-05
   2.3192849e-05
   2.3889887e-05
   2.4586443e-05
   2.5268841e-05
   2.5824155e-05
   2.6323909e-05
   2.6613506e-05
   2.6798696e-05
   2.6937589e-05
   2.7108861e-05
   2.7303047e-05
   2.7652543e-05
   2.8220882e-05
   2.8859416e-05
   2.9523055e-05
   3.0120546e-05
   3.0668855e-05
   3.0988279e-05
   3.1251685e-05
   3.1411864e-05
   3.1548480e-05
   3.1698851e-05
   3.1811145e-05
   3.1974433e-05
   3.2158807e-05
   3.2378639e-05
   3.2683924e-05
   3.2989426e-05
   3.3167916e-05
   3.3218823e-05
   3.3106468e-05
   3.2880487e-05
   3.2642236e-05
   3.2391185e-05
   3.2166624e-05
   3.1933614e-05
   3.1764142e-05
   3.1621241e-05
   3.1479323e-05
   3.1359816e-05
   3.1212255e-05
   3.1045113e-05
   3.0852659e-05
   3.0614911e-05
   3.0386769e-05
   3.0150005e-05
   2.9941176e-05
   2.9741203e-05
   2.9539821e-05
   2.9303747e-05
   2.9121849e-05
   2.8953269e-05
   2.8767414e-05
   2.8585688e-05
   2.8394733e-05
   2.8209735e-05
   2.8074899e-05
   2.7960024e-05
   2.7867249e-05
   2.7749846e-05
   2.7645271e-05
   2.7503008e-05
   2.7323454e-05
   2.7142914e-05
   2.6995985e-05
   2.6843707e-05
   2.6694372e-05
   2.6479704e-05
   2.6256615e-05
   2.5995637e-05
   2.5697761e-05
   2.5353420e-05
   2.5018403e-05
   2.4665937e-05
   2.4286583e-05
   2.3874546e-05
   2.3477989e-05
   2.3087234e-05
   2.2716682e-05
   2.2321044e-05
   2.1916213e-05
   2.1517139e-05
   2.1140589e-05
   2.0745412e-05
   2.0360436e-05
   1.9973213e-05
   1.9574780e-05
   1.9142409e-05
   1.8694995e-05
   1.8205346e-05
   1.7699141e-05
   1.7153527e-05
   1.6586110e-05
   1.5986999e-05
   1.5384273e-05
   1.4786542e-05
   1.4233936e-05
   1.3716941e-05
   1.3233130e-05
   1.2754889e-05
   1.2304422e-05
   1.1854931e-05
   1.1416561e-05
   1.0964039e-05
   1.0522199e-05
   1.0079811e-05
   9.6585781e-06
   9.2530428e-06
   8.8610650e-06
   8.4713337e-06
   8.0922288e-06
   7.7080485e-06
   7.3270208e-06
   6.9478525e-06
   6.5811176e-06
   6.2115930e-06
   5.8341285e-06
   5.4406938e-06
   5.0366968e-06
   4.6165132e-06
   4.1843840e-06
   3.7509603e-06
   3.3473792e-06
   2.9779121e-06
   2.6538084e-06
   2.3541620e-06
   2.0837197e-06
   1.8482053e-06
   1.6637301e-06
   1.4999387e-06
   1.3772855e-06
   1.2789526e-06
   1.2132667e-06
   1.1749153e-06
   1.1525490e-06
   1.1482162e-06
   1.1713102e-06
   1.2088041e-06
   1.2612506e-06
   1.3337771e-06
   1.4250852e-06
   1.5291874e-06
   1.6536949e-06
   1.7834947e-06
   1.9175192e-06
   2.0427227e-06
   2.1583507e-06
   2.2508381e-06
   2.3243623e-06
   2.3746924e-06
   2.4121263e-06
   2.4310378e-06
   2.4396337e-06
   2.4417050e-06
   2.4417289e-06
   2.4341059e-06
   2.4237248e-06
   2.4022744e-06
   2.3684490e-06
   2.3248969e-06
   2.2738178e-06
   2.2072411e-06
   2.1302811e-06
   2.0411730e-06
   1.9471664e-06
   1.8486042e-06
   1.7530514e-06
   1.6572214e-06
   1.5685676e-06
   1.4868864e-06
   1.4165482e-06
   1.3559772e-06
   1.3035238e-06
   1.2566968e-06
   1.2160927e-06
   1.1746810e-06
   1.1284604e-06
   1.0699017e-06
   9.9678916e-07
   9.0559581e-07
   7.9811075e-07
   6.7333146e-07
   5.3546947e-07
   3.8888903e-07
   2.3980879e-07
   9.3950354e-08
  -3.9391532e-08
  -1.5767930e-07
  -2.5484237e-07
  -3.2830409e-07
  -3.7374673e-07
  -3.9210719e-07
  -3.8365875e-07
  -3.5205451e-07
  -2.9925173e-07
  -2.3160086e-07
  -1.5542271e-07
  -8.0453175e-08
  -1.6156173e-08
   2.6863282e-08
   4.1191860e-08
   2.1310975e-08
  -3.1347581e-08
  -1.0949245e-07
  -1.9975707e-07
  -2.8498345e-07
  -3.4687793e-07
  -3.7049495e-07
  -3.4848573e-07
  -2.8507619e-07
  -1.9589451e-07
  -1.0463560e-07
  -3.4936806e-08
  -1.4667779e-10
   4.7173291e-09
   0.0000000e+00
